Date,Open,High,Low,Close,Volume
2002-04-11,23.38,23.73,22.92,23.16,629000
2002-04-12,23.18,23.5,22.98,23.09,390400
2002-04-15,23.03,23.49,23.02,23.12,313800
2002-04-16,23.12,23.21,23.02,23.13,272800
2002-04-17,23.1,23.5,22.76,22.98,256800
2002-04-18,23.05,23.26,22.55,23.2,449200
2002-04-19,23.07,23.18,22.86,23.08,241000
2002-04-22,22.88,23.12,22.82,22.97,318000
2002-04-23,22.99,23.0,22.46,22.74,594000
2002-04-24,22.81,23.12,22.73,22.98,505200
2002-04-25,22.92,22.98,22.5,22.82,543400
2002-04-26,22.7,22.75,22.28,22.34,400200
2002-04-29,22.4,22.62,22.12,22.57,453200
2002-04-30,22.48,23.12,22.44,23.05,423400
2002-05-01,23.02,23.12,22.85,23.0,209000
2002-05-02,23.05,23.42,22.96,23.35,768400
2002-05-03,23.4,23.5,23.08,23.46,573400
2002-05-06,23.5,23.55,23.2,23.4,225200
2002-05-07,23.47,23.56,23.02,23.18,639800
2002-05-08,23.6,23.6,22.84,23.17,526000
2002-05-09,22.94,23.09,22.7,22.74,257800
2002-05-10,22.76,23.11,22.3,22.49,469800
2002-05-13,22.52,22.61,22.14,22.55,427600
2002-05-14,22.48,23.12,22.43,23.0,581400
2002-05-15,23.1,23.22,22.58,23.03,224600
2002-05-16,22.9,23.25,22.66,22.98,444800
2002-05-17,22.85,23.33,22.85,23.2,310000
2002-05-20,23.25,23.3,22.72,22.74,192400
2002-05-21,23.0,23.0,22.62,22.85,208000
2002-05-22,22.65,23.0,22.58,22.75,414400
2002-05-23,22.88,23.68,22.8,23.68,862400
2002-05-24,23.73,24.7,23.73,24.56,1174600
2002-05-28,24.55,24.78,24.25,24.45,740200
2002-05-29,24.35,24.68,23.9,24.68,432800
2002-05-30,24.64,25.35,24.44,25.3,596400
2002-05-31,25.25,25.59,25.12,25.2,725800
2002-06-03,25.32,25.49,25.18,25.3,871400
2002-06-04,25.2,25.2,24.38,24.58,1065400
2002-06-05,24.45,25.2,24.4,25.2,632000
2002-06-06,25.18,25.25,24.44,24.62,566200
2002-06-07,24.6,25.1,24.2,25.1,469200
2002-06-10,25.23,26.32,25.1,26.2,1000600
2002-06-11,26.28,26.52,25.51,25.66,888000
2002-06-12,25.3,25.4,23.78,24.6,1644200
2002-06-13,24.35,25.25,24.28,25.08,807200
2002-06-14,25.02,25.75,24.15,25.59,719800
2002-06-17,25.56,26.3,25.56,25.88,507200
2002-06-18,26.0,26.74,25.92,26.51,669800
2002-06-19,26.65,26.7,26.25,26.45,612400
2002-06-20,26.49,26.65,26.12,26.26,407600
2002-06-21,26.42,26.52,25.14,25.3,1040000
2002-06-24,25.2,25.5,24.13,24.86,645000
2002-06-25,24.95,25.18,24.16,24.28,465000
2002-06-26,24.3,24.85,23.88,24.72,933600
2002-06-27,25.34,25.38,24.91,25.12,836600
2002-06-28,25.18,25.5,25.06,25.16,768400
2002-07-01,25.34,25.35,24.37,24.64,566200
2002-07-02,24.67,24.83,23.01,23.34,1273000
2002-07-03,23.22,23.52,22.4,23.4,847200
2002-07-05,23.4,24.29,23.38,24.28,182600
2002-07-08,24.2,24.43,23.92,23.92,356600
2002-07-09,24.1,24.15,23.16,23.16,514000
2002-07-10,23.17,23.5,21.76,22.3,1373200
2002-07-11,22.44,22.44,20.8,22.1,1315800
2002-07-12,22.08,22.49,21.56,22.46,1077400
2002-07-15,22.4,22.52,21.88,22.34,550800
2002-07-16,22.34,22.86,21.92,22.21,284800
2002-07-17,22.25,23.08,22.24,22.93,413200
2002-07-18,22.7,23.23,22.58,22.71,695000
2002-07-19,22.6,22.62,21.95,22.3,687200
2002-07-22,22.05,22.32,21.19,21.38,772600
2002-07-23,21.75,22.72,21.38,21.66,1110800
2002-07-24,21.76,21.99,21.15,21.95,878200
2002-07-25,21.92,22.94,21.76,22.53,813800
2002-07-26,22.72,22.72,21.98,22.06,440000
2002-07-29,22.46,23.12,22.41,22.65,1294600
2002-07-30,22.72,22.86,22.12,22.74,1066000
2002-07-31,22.36,23.2,22.36,23.14,401200
2002-08-01,23.22,23.25,22.6,22.73,397200
2002-08-02,22.68,23.09,22.32,22.6,352800
2002-08-05,22.5,22.64,22.16,22.24,507200
2002-08-06,22.24,22.92,22.24,22.6,526800
2002-08-07,22.8,23.08,22.58,23.01,708800
2002-08-08,23.01,24.1,23.01,23.98,884200
2002-08-09,24.1,24.6,23.68,24.38,688000
2002-08-12,24.31,25.0,24.22,24.9,527400
2002-08-13,25.08,25.1,24.3,24.36,616600
2002-08-14,24.32,25.24,24.2,25.22,502400
2002-08-15,25.26,26.03,25.12,25.82,735000
2002-08-16,25.84,25.92,25.38,25.54,403000
2002-08-19,25.54,25.56,25.05,25.36,928000
2002-08-20,25.38,25.4,24.77,25.08,649000
2002-08-21,25.24,25.5,25.02,25.28,898800
2002-08-22,25.3,25.46,24.34,24.42,1395800
2002-08-23,24.35,24.4,23.74,23.79,811400
2002-08-26,23.88,23.92,23.69,23.87,334400
2002-08-27,23.8,24.3,23.46,23.56,907200
2002-08-28,23.62,23.79,23.43,23.52,395400
2002-08-29,23.46,23.87,23.2,23.75,565800
2002-08-30,23.75,24.08,23.68,23.85,375800
2002-09-03,24.12,24.13,23.3,23.3,503200
2002-09-04,23.34,24.04,23.28,23.99,417200
2002-09-05,23.8,23.86,23.5,23.75,524000
2002-09-06,23.62,24.06,23.6,23.86,626200
2002-09-09,23.76,24.25,23.64,23.99,369000
2002-09-10,24.18,24.6,23.88,24.54,546600
2002-09-11,24.6,25.0,24.58,24.8,419200
2002-09-12,24.91,24.91,24.62,24.7,622000
2002-09-13,24.7,25.12,24.55,25.08,439000
2002-09-16,25.12,25.12,24.9,25.1,504400
2002-09-17,25.18,25.64,24.96,25.25,1401400
2002-09-18,25.25,26.55,25.0,26.32,2095400
2002-09-19,26.2,26.4,25.81,25.82,1235200
2002-09-20,26.05,26.05,25.64,25.88,1201600
2002-09-23,25.63,26.37,25.55,26.1,862400
2002-09-24,25.92,25.92,25.25,25.32,1123000
2002-09-25,25.48,26.28,25.3,26.14,1538600
2002-09-26,26.1,26.48,25.83,26.09,563000
2002-09-27,26.02,26.06,25.24,25.64,1067400
2002-09-30,25.7,25.89,24.92,25.59,524400
2002-10-01,25.3,25.65,25.05,25.58,708200
2002-10-02,25.24,26.0,25.2,25.39,615200
2002-10-03,25.48,26.2,25.29,25.75,391200
2002-10-04,25.82,25.83,24.73,25.24,499000
2002-10-07,25.15,25.4,24.4,24.48,485400
2002-10-08,24.52,24.94,24.17,24.82,810800
2002-10-09,24.69,25.5,24.6,25.38,1210600
2002-10-10,25.45,26.31,25.42,25.92,922800
2002-10-11,26.48,26.65,25.92,26.06,1080800
2002-10-14,26.25,27.18,25.88,27.02,1076800
2002-10-15,27.4,27.56,26.34,26.54,1038600
2002-10-16,26.5,27.38,26.12,27.04,964400
2002-10-17,27.14,27.5,26.9,26.95,712400
2002-10-18,27.0,27.12,26.5,26.72,459800
2002-10-21,26.88,26.93,26.27,26.48,751800
2002-10-22,26.42,26.62,26.0,26.38,481800
2002-10-23,26.52,27.2,26.45,27.2,964000
2002-10-24,27.35,27.35,26.85,27.06,844400
2002-10-25,27.08,27.5,27.0,27.1,600800
2002-10-28,27.3,27.3,26.34,26.35,655200
2002-10-29,26.32,26.36,25.98,26.12,343600
2002-10-30,26.36,26.62,25.78,26.0,565200
2002-10-31,25.95,26.36,25.62,25.76,725800
2002-11-01,25.86,26.0,25.61,26.0,1305200
2002-11-04,26.36,26.52,25.62,25.79,695000
2002-11-05,25.76,25.94,24.82,25.48,1411400
2002-11-06,25.5,26.05,25.24,26.0,889800
2002-11-07,25.98,26.04,25.75,25.98,577600
2002-11-08,25.94,26.0,25.55,25.65,408800
2002-11-11,25.56,25.8,25.16,25.22,614200
2002-11-12,25.17,25.9,25.12,25.5,554000
2002-11-13,25.46,25.84,25.28,25.68,271200
2002-11-14,25.7,25.86,25.3,25.58,442400
2002-11-15,25.62,26.0,25.46,25.91,426000
2002-11-18,25.9,26.08,25.59,25.6,463200
2002-11-19,25.6,25.6,25.14,25.25,724000
2002-11-20,25.3,25.72,25.25,25.35,847000
2002-11-21,22.77,22.85,20.1,20.5,16932000
2002-11-22,21.0,21.24,20.76,20.98,2929800
2002-11-25,21.12,21.25,19.05,19.84,3446600
2002-11-26,19.88,20.12,19.68,19.72,2070400
2002-11-27,19.94,20.2,19.51,19.98,2474200
2002-11-29,21.02,21.58,20.76,21.0,1203400
2002-12-02,21.36,21.46,20.08,20.25,1612200
2002-12-03,20.16,20.48,19.94,20.0,1266400
2002-12-04,19.92,20.3,19.88,20.1,1564200
2002-12-05,19.72,20.63,19.52,20.35,1148600
2002-12-06,20.45,20.89,20.22,20.52,868600
2002-12-09,20.44,21.22,20.44,20.8,1399000
2002-12-10,21.5,21.7,21.0,21.22,2455600
2002-12-11,21.24,21.75,21.09,21.48,2249400
2002-12-12,21.55,21.65,20.92,20.96,2438400
2002-12-13,20.95,21.23,20.66,21.16,8989400
2002-12-16,21.1,21.25,20.98,21.15,2319000
2002-12-17,21.14,21.5,21.0,21.26,1302600
2002-12-18,21.68,21.75,21.16,21.42,1063800
2002-12-19,21.38,21.92,21.26,21.72,1321400
2002-12-20,21.86,22.09,21.55,22.08,2016000
2002-12-23,22.1,22.44,22.05,22.44,861200
2002-12-24,22.31,22.58,22.2,22.37,329200
2002-12-26,22.37,22.65,22.28,22.3,545800
2002-12-27,22.36,22.38,21.71,21.81,638000
2002-12-30,21.9,21.92,21.37,21.62,962200
2002-12-31,21.76,22.0,21.53,21.87,538600
2003-01-02,21.82,22.35,21.64,22.06,885124
2003-01-03,22.02,22.35,21.64,22.06,638846
2003-01-06,21.9,22.14,21.76,21.88,914000
2003-01-07,22.04,22.31,21.86,22.08,1245020
2003-01-08,21.45,22.1,21.44,21.6,900420
2003-01-09,21.24,21.68,21.02,21.12,1143874
2003-01-10,21.18,21.64,21.12,21.32,1172846
2003-01-13,21.5,21.75,21.06,21.4,1005044
2003-01-14,21.62,21.79,21.4,21.72,1162134
2003-01-15,22.13,22.2,21.53,22.16,1071946
2003-01-16,21.93,22.25,21.9,21.94,651080
2003-01-17,21.82,22.22,21.5,21.77,648354
2003-01-21,21.58,21.86,21.38,21.58,572950
2003-01-22,21.38,21.77,21.32,21.42,876238
2003-01-23,21.31,21.44,21.03,21.15,829476
2003-01-24,21.44,21.57,20.94,21.44,795864
2003-01-27,21.02,21.44,20.76,21.12,620538
2003-01-28,21.04,21.3,20.96,21.04,650370
2003-01-29,21.02,21.12,20.75,21.04,780636
2003-01-30,21.47,21.56,20.54,21.47,598376
2003-01-31,20.72,21.55,20.64,20.74,1318304
2003-02-03,20.8,20.81,20.02,20.59,697674
2003-02-04,20.74,20.88,20.56,20.85,698330
2003-02-05,20.53,20.74,20.03,20.45,1072260
2003-02-06,19.62,20.76,19.81,19.84,945098
2003-02-07,20.28,20.36,19.62,20.22,627056
2003-02-10,19.84,20.4,19.8,19.82,444194
2003-02-11,20.04,20.22,19.7,20.04,729258
2003-02-12,20.12,20.48,20.0,20.15,869214
2003-02-13,19.72,20.24,19.55,19.6,1411654
2003-02-14,19.18,19.72,18.84,19.18,1450526
2003-02-18,19.32,19.55,18.32,19.24,2183402
2003-02-19,19.98,19.96,19.3,19.92,766432
2003-02-20,20.36,20.59,19.83,19.97,1776614
2003-02-21,21.05,21.5,20.31,21.06,1326550
2003-02-24,21.75,21.75,20.96,21.74,848532
2003-02-25,21.18,21.75,21.18,21.19,876332
2003-02-26,21.6,21.74,20.84,21.68,714402
2003-02-27,21.2,21.67,21.12,21.16,712426
2003-02-28,21.78,21.88,21.18,21.76,807984
2003-03-03,21.99,22.24,21.75,22.0,810824
2003-03-04,21.93,22.34,21.72,21.87,809550
2003-03-05,22.0,22.32,21.68,21.82,1902558
2003-03-06,22.57,22.76,21.69,22.61,2298468
2003-03-07,22.26,22.68,22.03,22.35,2236118
2003-03-10,22.42,22.77,22.12,22.5,945232
2003-03-11,21.58,22.55,21.62,21.68,700972
2003-03-12,21.72,22.12,21.52,21.81,594202
2003-03-13,21.82,21.94,21.38,21.74,826994
2003-03-14,22.47,22.52,21.73,22.5,689178
2003-03-17,22.28,22.77,22.12,22.24,1059792
2003-03-18,22.75,22.76,22.22,22.72,867994
2003-03-19,22.5,22.76,22.14,22.44,1411134
2003-03-20,22.58,22.86,22.14,22.71,867682
2003-03-21,22.6,22.6,22.03,22.3,904814
2003-03-24,22.46,22.98,22.46,22.9,1043442
2003-03-25,22.18,22.62,22.02,22.02,1335888
2003-03-26,23.22,23.24,22.1,23.15,1478804
2003-03-27,23.18,23.62,22.86,23.12,465682
2003-03-28,23.05,23.34,22.76,23.1,428780
2003-03-31,23.07,23.39,22.84,23.24,1017414
2003-04-01,22.9,23.26,22.72,22.96,1039868
2003-04-02,23.05,23.14,22.5,22.8,840856
2003-04-03,23.02,23.2,22.9,22.98,4213646
2003-04-04,21.7,23.06,20.83,21.6,2939322
2003-04-07,21.46,21.85,20.54,20.86,1319618
2003-04-08,21.32,21.89,21.16,21.16,953252
2003-04-09,20.98,21.38,20.94,21.08,1131856
2003-04-10,20.7,21.18,20.64,20.68,1201762
2003-04-11,21.0,21.09,20.62,20.91,1448494
2003-04-14,20.24,21.25,20.19,20.25,7128856
2003-04-15,19.1,20.24,18.8,19.0,2341850
2003-04-16,19.34,19.38,19.01,19.14,1635742
2003-04-17,19.1,19.4,18.9,18.98,6384664
2003-04-21,18.18,19.18,17.7,17.86,4504050
2003-04-22,18.61,18.68,18.03,18.48,2951650
2003-04-23,19.55,19.53,18.45,19.42,1491784
2003-04-24,19.54,19.72,19.17,19.68,1304480
2003-04-25,19.44,19.63,18.88,19.44,949316
2003-04-28,19.48,19.55,19.2,19.3,1387206
2003-04-29,20.05,20.02,19.38,19.96,1471370
2003-04-30,20.3,20.41,20.0,20.28,1347270
2003-05-01,20.08,20.43,19.89,20.08,1969192
2003-05-02,19.6,20.08,19.46,19.54,902624
2003-05-05,20.06,20.05,19.38,20.02,603098
2003-05-06,19.88,20.14,19.61,19.89,2128826
2003-05-07,20.35,20.84,19.88,20.41,1182584
2003-05-08,20.24,20.5,20.0,20.32,956710
2003-05-09,19.87,20.24,19.63,19.75,674664
2003-05-12,19.92,20.0,19.52,19.86,1031310
2003-05-13,19.81,19.95,19.61,19.88,615666
2003-05-14,19.94,19.94,19.65,19.79,952672
2003-05-15,19.84,19.94,19.52,19.82,1066370
2003-05-16,20.26,20.3,19.83,20.24,1185230
2003-05-19,20.6,20.68,20.06,20.56,1722308
2003-05-20,20.2,20.74,20.01,20.08,1271070
2003-05-21,20.6,20.67,20.1,20.59,1810660
2003-05-22,21.76,20.98,20.5,20.8,3986774
2003-05-23,22.12,22.24,21.48,22.13,1603258
2003-05-27,21.74,22.18,21.61,21.74,915602
2003-05-28,22.12,22.16,21.56,22.02,470460
2003-05-29,21.74,22.13,21.58,21.7,660710
2003-05-30,21.7,22.02,21.59,21.6,617522
2003-06-02,21.72,22.0,21.42,21.98,758846
2003-06-03,21.64,22.24,21.46,21.75,694116
2003-06-04,21.5,21.77,21.28,21.56,935528
2003-06-05,21.85,21.87,21.34,21.78,578728
2003-06-06,22.02,21.96,21.52,21.93,1307392
2003-06-09,21.82,22.27,21.72,21.74,605478
2003-06-10,21.7,22.02,21.56,21.65,1323856
2003-06-11,21.42,21.86,21.21,21.34,582608
2003-06-12,21.92,22.1,21.34,22.02,532872
2003-06-13,21.9,22.08,21.62,21.9,529636
2003-06-16,21.65,22.0,21.5,21.56,867854
2003-06-17,22.72,22.6,21.56,22.53,934550
2003-06-18,22.45,22.6,22.17,22.56,1297292
2003-06-19,22.82,22.97,22.38,22.92,893340
2003-06-20,22.53,23.12,22.44,22.45,900998
2003-06-23,22.6,22.75,22.42,22.68,810098
2003-06-24,22.52,22.75,22.45,22.56,1538354
2003-06-25,22.62,22.75,22.48,22.5,692600
2003-06-26,22.45,22.9,22.25,22.48,757332
2003-06-27,22.72,22.84,22.44,22.75,623072
2003-06-30,22.52,22.87,22.42,22.63,1669832
2003-07-01,22.62,22.82,22.48,22.69,972118
2003-07-02,22.65,22.82,22.26,22.72,722408
2003-07-03,22.75,22.8,22.61,22.74,316172
2003-07-07,22.5,22.8,22.42,22.43,562224
2003-07-08,22.74,22.78,22.42,22.68,1211286
2003-07-09,22.88,23.04,22.51,22.9,441048
2003-07-10,22.96,23.06,22.65,22.82,464658
2003-07-11,22.96,23.08,22.45,22.74,1016984
2003-07-14,23.45,23.48,22.85,23.42,2087490
2003-07-15,24.76,25.07,23.4,24.72,1744934
2003-07-16,24.68,24.93,24.41,24.64,652006
2003-07-17,24.44,24.75,24.2,24.58,692130
2003-07-18,24.5,24.65,24.3,24.44,771168
2003-07-21,24.2,24.54,24.24,24.26,747212
2003-07-22,24.55,24.6,23.75,24.5,680942
2003-07-23,24.98,25.0,24.48,24.96,952004
2003-07-24,24.86,24.98,24.5,24.78,712216
2003-07-25,24.52,25.08,24.74,24.75,842820
2003-07-28,25.6,25.58,24.52,25.46,955762
2003-07-29,25.44,25.78,25.32,25.5,1123378
2003-07-30,26.3,26.42,25.44,26.24,1147990
2003-07-31,26.92,26.9,26.24,26.76,982714
2003-08-01,26.87,27.1,26.54,26.75,1366332
2003-08-04,26.7,26.92,26.48,26.62,1620764
2003-08-05,26.27,26.83,26.02,26.24,1176728
2003-08-06,25.13,26.3,25.32,25.5,952656
2003-08-07,25.15,25.77,25.02,25.24,683102
2003-08-08,25.15,25.25,24.86,25.2,985198
2003-08-11,24.76,25.18,24.78,25.04,730746
2003-08-12,24.82,25.02,24.68,24.9,734940
2003-08-13,25.07,25.02,24.7,24.93,811374
2003-08-14,25.14,25.3,24.88,25.19,398344
2003-08-15,25.35,25.49,25.0,25.36,320750
2003-08-18,25.78,25.9,25.18,25.76,1529372
2003-08-19,27.25,27.19,25.7,27.04,1938896
2003-08-20,26.04,28.35,27.21,27.93,4947822
2003-08-21,26.4,26.78,25.06,26.34,1445608
2003-08-22,27.2,27.22,26.38,27.03,905636
2003-08-25,25.94,27.23,26.22,26.3,958620
2003-08-26,25.84,26.0,25.64,25.92,854552
2003-08-27,26.32,26.32,25.63,26.26,845808
2003-08-28,26.52,26.52,26.2,26.5,1157064
2003-08-29,26.52,26.62,26.4,26.54,982154
2003-09-02,27.42,27.22,26.51,27.2,1056076
2003-09-03,27.95,27.98,26.78,27.96,1693584
2003-09-04,27.24,27.96,27.02,27.24,1065392
2003-09-05,27.34,27.46,27.0,27.44,596814
2003-09-08,27.49,27.52,27.01,27.21,1476776
2003-09-09,28.09,28.26,27.45,28.1,1199060
2003-09-10,27.87,28.24,27.78,28.07,1044030
2003-09-11,27.6,28.2,27.56,27.68,1023462
2003-09-12,27.64,27.84,27.42,27.74,758168
2003-09-15,28.9,27.84,27.29,27.71,955802
2003-09-16,28.26,29.09,27.97,28.25,1074192
2003-09-17,29.1,29.15,28.24,29.12,1371770
2003-09-18,29.72,29.55,28.94,29.38,1164408
2003-09-19,30.12,29.92,29.0,29.8,1148486
2003-09-22,29.69,30.5,29.18,29.83,1432692
2003-09-23,29.96,30.06,29.27,30.04,1006936
2003-09-24,30.22,30.2,29.51,30.2,1351822
2003-09-25,29.03,30.24,29.1,29.18,1428958
2003-09-26,28.55,29.35,28.55,28.64,1171024
2003-09-29,29.19,28.75,28.26,28.6,1077168
2003-09-30,28.86,29.28,28.5,28.88,1449778
2003-10-01,28.88,29.12,28.62,28.79,1074962
2003-10-02,29.55,29.46,28.8,29.45,967906
2003-10-03,29.65,29.68,29.2,29.37,960610
2003-10-06,29.65,29.86,29.34,29.62,398902
2003-10-07,29.82,29.92,29.53,29.77,602820
2003-10-08,30.24,30.16,29.58,30.11,686074
2003-10-09,30.25,30.35,29.77,30.1,1164390
2003-10-10,30.68,30.93,30.24,30.5,573062
2003-10-13,30.75,30.9,30.38,30.68,380576
2003-10-14,30.75,31.4,30.73,31.12,580136
2003-10-15,30.94,31.08,30.7,30.9,953986
2003-10-16,30.5,31.0,30.5,30.54,1357218
2003-10-17,31.88,32.0,30.46,31.75,953332
2003-10-20,30.87,31.96,30.98,31.08,1710524
2003-10-21,31.38,31.38,30.26,31.3,852992
2003-10-22,30.98,31.5,30.82,31.23,1547150
2003-10-23,30.36,31.08,30.29,30.34,1285582
2003-10-24,30.62,30.9,30.15,30.62,655868
2003-10-27,31.26,31.32,30.42,31.24,686768
2003-10-28,31.42,31.3,30.85,31.05,852982
2003-10-29,32.15,32.02,31.28,32.01,882510
2003-10-30,32.05,32.38,31.75,31.92,590606
2003-10-31,31.89,32.35,31.72,31.8,695032
2003-11-03,32.03,32.28,31.78,31.99,1254586
2003-11-04,32.5,32.68,31.91,32.68,866962
2003-11-05,32.53,32.73,32.25,32.53,1031764
2003-11-06,32.12,33.0,32.1,32.1,846196
2003-11-07,32.99,32.98,32.0,32.97,1432798
2003-11-10,33.86,34.06,32.74,33.92,1374458
2003-11-11,34.14,34.38,33.46,34.12,825236
2003-11-12,34.28,34.26,33.68,34.04,921636
2003-11-13,34.46,34.5,33.95,34.46,1265750
2003-11-14,34.0,35.23,34.4,34.9,2192230
2003-11-17,33.46,34.28,33.54,33.72,997960
2003-11-18,34.02,34.01,33.2,33.98,976904
2003-11-19,33.23,34.38,33.28,33.28,1861454
2003-11-20,31.62,33.37,32.85,32.9,2569662
2003-11-21,32.58,33.92,31.5,32.55,1121726
2003-11-24,33.75,33.7,32.53,33.57,981580
2003-11-25,34.38,34.62,33.72,34.47,1385866
2003-11-26,34.33,34.58,33.89,34.36,1121164
2003-11-28,33.91,34.47,33.6,34.02,614232
2003-12-01,34.1,34.24,33.66,34.05,1044566
2003-12-02,34.47,34.58,33.96,34.38,699488
2003-12-03,34.34,34.6,34.13,34.24,790242
2003-12-04,33.68,34.82,33.7,33.7,949424
2003-12-05,33.87,34.25,33.65,34.01,1120256
2003-12-08,33.9,34.7,33.51,34.0,834846
2003-12-09,34.22,34.22,33.78,34.2,1529906
2003-12-10,32.95,34.34,32.96,33.0,816418
2003-12-11,33.13,33.3,32.78,33.3,987306
2003-12-12,33.6,33.67,33.04,33.6,732628
2003-12-15,33.98,33.62,32.88,33.47,890086
2003-12-16,33.02,34.25,32.87,33.0,733830
2003-12-17,32.8,33.25,32.39,32.88,581802
2003-12-18,32.96,32.96,32.38,32.87,702448
2003-12-19,32.56,33.12,32.52,32.62,1898198
2003-12-22,32.06,32.93,31.7,32.08,975296
2003-12-23,32.02,32.28,31.6,32.0,682784
2003-12-24,32.2,32.34,31.84,32.3,385530
2003-12-26,31.5,32.24,31.56,31.6,435966
2003-12-29,31.72,31.78,31.5,31.67,1600188
2003-12-30,32.2,32.3,31.6,32.12,715742
2003-12-31,32.26,32.29,31.92,32.22,719404
2004-01-02,32.11,32.45,31.97,32.08,708822
2004-01-05,31.02,32.5,31.46,31.52,2134170
2004-01-06,30.56,31.14,30.58,30.64,2270186
2004-01-07,30.29,30.64,29.7,30.16,1163008
2004-01-08,30.85,30.72,30.16,30.38,945392
2004-01-09,29.84,30.56,30.02,30.18,851358
2004-01-12,30.13,30.72,29.84,30.09,757922
2004-01-13,30.15,30.24,29.94,30.2,613664
2004-01-14,30.22,30.36,29.8,30.14,825660
2004-01-15,30.67,30.69,30.14,30.6,2450480
2004-01-16,32.15,32.3,30.6,32.15,1417174
2004-01-20,32.68,32.64,32.05,32.64,1272302
2004-01-21,32.73,32.88,32.44,32.79,1174466
2004-01-22,33.12,33.26,32.56,33.26,1217366
2004-01-23,33.42,33.59,33.08,33.44,1379752
2004-01-26,33.62,33.75,33.28,33.68,1232450
2004-01-27,34.39,34.59,33.51,34.55,1139258
2004-01-28,33.62,34.46,33.46,33.63,1315112
2004-01-29,32.93,33.69,32.94,32.94,905362
2004-01-30,33.7,33.7,32.92,33.69,902662
2004-02-02,32.75,33.71,32.77,32.98,1093666
2004-02-03,33.2,33.52,32.52,33.39,1037688
2004-02-04,32.96,33.5,33.01,33.06,658110
2004-02-05,33.35,33.54,32.75,33.25,746434
2004-02-06,32.68,33.48,32.76,32.76,717554
2004-02-09,33.14,33.5,32.62,33.5,411314
2004-02-10,33.48,33.78,33.02,33.39,363664
2004-02-11,33.54,33.7,33.17,33.59,774954
2004-02-12,34.2,34.49,33.51,34.42,445664
2004-02-13,33.78,34.34,33.78,33.88,540898
2004-02-17,33.44,34.27,33.42,33.46,685186
2004-02-18,34.25,34.38,33.38,34.32,966610
2004-02-19,33.55,34.25,33.05,33.44,1539418
2004-02-20,32.5,35.0,32.55,32.58,1105612
2004-02-23,32.86,33.16,31.88,32.9,926460
2004-02-24,32.96,32.97,32.38,32.86,707966
2004-02-25,33.21,33.5,32.91,33.12,430276
2004-02-26,33.3,33.24,32.79,33.24,609938
2004-02-27,33.31,33.88,33.14,33.43,1262962
2004-03-01,34.02,33.95,33.09,33.88,841884
2004-03-02,33.98,34.22,33.48,34.09,558428
2004-03-03,33.41,34.16,33.45,33.64,648574
2004-03-04,33.56,33.74,33.04,33.52,419378
2004-03-05,33.24,33.7,32.93,33.5,1151494
2004-03-08,34.09,34.25,33.24,34.05,1514338
2004-03-09,34.0,34.28,33.85,33.9,1277184
2004-03-10,34.7,34.71,33.95,34.71,2136464
2004-03-11,34.88,35.08,34.46,34.9,1486550
2004-03-12,34.48,35.28,34.4,34.46,631998
2004-03-15,34.56,34.73,34.2,34.69,1159828
2004-03-16,34.49,34.94,34.25,34.42,924906
2004-03-17,34.45,34.73,34.3,34.6,812416
2004-03-18,34.31,34.62,34.11,34.42,1027788
2004-03-19,33.98,34.45,33.76,33.95,1273560
2004-03-22,33.34,34.11,33.3,33.34,1167244
2004-03-23,33.18,33.34,32.83,33.06,856774
2004-03-24,33.52,33.86,33.06,33.62,701354
2004-03-25,33.5,33.8,33.17,33.5,594242
2004-03-26,33.77,33.98,33.36,33.95,911364
2004-03-29,33.62,34.0,33.6,33.64,784790
2004-03-30,34.0,34.32,33.6,34.12,595350
2004-03-31,34.2,34.46,33.7,34.29,643382
2004-04-01,34.4,34.48,34.08,34.3,888534
2004-04-02,35.28,35.12,34.29,35.12,1341356
2004-04-05,36.07,36.2,35.25,36.09,1858336
2004-04-06,37.9,38.02,35.97,37.98,1280260
2004-04-07,37.49,37.9,36.98,37.54,531250
2004-04-08,37.57,37.72,37.36,37.5,724696
2004-04-12,37.68,37.72,37.26,37.58,495624
2004-04-13,38.13,38.12,37.37,38.1,709210
2004-04-14,37.22,38.2,37.16,37.48,1324814
2004-04-15,38.6,38.74,37.22,38.55,1235656
2004-04-16,38.85,39.08,38.48,38.9,1072100
2004-04-19,39.4,39.56,38.7,39.31,1075302
2004-04-20,39.22,39.75,38.94,39.0,1333208
2004-04-21,38.24,39.52,38.24,38.24,1030706
2004-04-22,38.68,39.25,38.16,38.74,873566
2004-04-23,39.14,39.3,38.55,39.3,1234218
2004-04-26,38.6,39.38,38.35,38.51,847706
2004-04-27,38.5,38.75,38.32,38.5,1695098
2004-04-28,37.54,38.67,37.5,37.6,1517352
2004-04-29,37.08,38.28,36.88,37.04,1695760
2004-04-30,37.3,37.78,37.03,37.4,1846738
2004-05-03,36.8,37.6,36.82,36.85,2042970
2004-05-04,37.67,38.54,36.78,37.75,1148320
2004-05-05,38.01,38.44,37.14,37.83,1146160
2004-05-06,38.62,38.88,37.43,38.62,763082
2004-05-07,38.04,38.67,37.62,38.15,624346
2004-05-10,37.44,38.42,37.52,37.52,1703774
2004-05-11,36.38,37.5,36.4,36.54,924734
2004-05-12,37.38,37.68,36.34,37.54,842876
2004-05-13,37.79,37.9,36.84,37.7,878430
2004-05-14,37.42,37.94,37.15,37.26,744408
2004-05-17,37.48,37.78,37.02,37.32,975558
2004-05-18,37.37,37.48,36.66,37.2,1386414
2004-05-19,37.67,37.85,37.2,37.44,1075058
2004-05-20,36.04,37.96,37.24,37.32,3291132
2004-05-21,35.56,36.7,35.18,35.24,1574608
2004-05-24,35.5,35.94,34.92,35.3,1179732
2004-05-25,35.69,35.9,35.26,35.57,1032948
2004-05-26,36.36,36.3,35.32,36.19,1110392
2004-05-27,37.06,37.04,36.02,37.04,1224530
2004-05-28,37.55,37.48,36.9,37.42,2234062
2004-06-01,38.05,38.42,37.75,38.39,792798
2004-06-02,38.5,38.82,37.97,38.44,931222
2004-06-03,38.35,38.57,38.06,38.1,546500
2004-06-04,38.22,38.24,37.68,37.68,696744
2004-06-07,37.82,38.9,37.7,38.86,902124
2004-06-08,38.84,39.1,38.42,38.71,845220
2004-06-09,38.7,38.84,37.92,37.92,572788
2004-06-10,37.98,38.72,37.92,38.7,728278
2004-06-14,38.7,38.96,38.14,38.26,754172
2004-06-15,38.4,39.01,38.38,38.5,631882
2004-06-16,38.22,38.32,37.58,37.74,1252930
2004-06-17,37.74,37.74,37.19,37.44,506436
2004-06-18,37.46,38.1,37.28,37.48,653888
2004-06-21,37.54,37.66,37.22,37.28,453758
2004-06-22,37.42,37.42,36.5,37.09,772374
2004-06-23,37.15,37.22,36.62,37.16,670706
2004-06-24,37.14,37.68,36.7,37.54,683094
2004-06-25,37.62,37.78,37.3,37.3,568436
2004-06-28,37.4,37.75,36.94,37.24,422056
2004-06-29,37.42,38.0,37.3,37.72,610630
2004-06-30,37.6,38.24,37.54,38.24,783472
2004-07-01,38.28,38.31,37.04,37.3,754052
2004-07-02,37.49,38.46,37.38,38.1,543542
2004-07-06,38.03,38.43,37.13,37.13,626890
2004-07-07,37.34,37.71,37.13,37.55,580874
2004-07-08,37.7,37.89,36.76,36.9,484278
2004-07-09,37.14,37.14,36.03,36.35,813198
2004-07-12,36.28,36.64,35.45,36.36,631616
2004-07-13,36.5,36.85,36.25,36.6,574308
2004-07-14,36.6,37.03,36.5,36.67,695126
2004-07-15,36.48,36.93,36.12,36.61,568534
2004-07-16,36.53,36.71,36.02,36.02,690406
2004-07-19,36.07,36.62,36.05,36.51,560940
2004-07-20,36.55,36.92,36.36,36.92,502670
2004-07-21,36.96,37.13,35.82,35.88,747466
2004-07-22,35.94,36.22,35.27,36.04,800656
2004-07-23,35.9,36.04,35.53,35.82,667692
2004-07-26,35.8,36.03,34.38,34.92,1501778
2004-07-27,34.94,37.44,34.86,36.98,1937248
2004-07-28,36.86,37.0,36.01,36.82,1153734
2004-07-29,37.0,37.02,36.2,36.52,1291790
2004-07-30,36.58,37.24,36.45,36.71,937402
2004-08-02,36.62,37.65,36.51,37.65,1199332
2004-08-03,37.5,38.48,37.46,38.1,1282000
2004-08-04,38.08,38.15,37.58,37.8,2689024
2004-08-05,37.9,38.16,37.22,37.52,1706898
2004-08-06,37.54,37.55,36.5,36.7,1707102
2004-08-09,36.6,37.2,36.5,36.5,629774
2004-08-10,36.65,37.37,36.5,37.32,804022
2004-08-11,37.2,37.98,37.0,37.88,1161150
2004-08-12,37.65,37.85,37.34,37.72,942670
2004-08-13,37.77,38.2,37.6,37.7,791158
2004-08-16,37.6,38.01,37.3,37.43,577690
2004-08-17,37.28,37.72,37.0,37.45,604670
2004-08-18,37.4,38.0,37.22,38.0,1046582
2004-08-19,37.84,37.95,37.46,37.74,515048
2004-08-20,37.77,38.4,37.62,38.14,700060
2004-08-23,38.05,38.59,37.8,38.24,922532
2004-08-24,38.32,38.57,38.25,38.32,1244020
2004-08-25,38.38,38.5,37.86,38.2,970956
2004-08-26,37.05,37.64,36.95,37.42,2067504
2004-08-27,37.45,37.62,37.23,37.45,482744
2004-08-30,37.38,37.44,36.82,36.82,615492
2004-08-31,36.8,36.9,36.3,36.62,1047584
2004-09-01,36.58,36.82,36.32,36.8,792724
2004-09-02,36.78,37.46,36.78,36.98,890296
2004-09-03,37.03,37.37,36.43,36.66,397046
2004-09-07,36.74,37.39,36.62,37.16,569180
2004-09-08,37.02,37.5,36.92,37.13,868424
2004-09-09,37.2,37.4,36.75,37.08,818246
2004-09-10,37.04,37.12,36.76,37.1,405210
2004-09-13,37.14,37.55,36.8,37.22,905712
2004-09-14,37.34,37.44,36.86,37.11,580402
2004-09-15,37.24,37.62,37.15,37.42,1268236
2004-09-16,37.65,37.65,37.3,37.34,769092
2004-09-17,37.46,37.63,37.13,37.46,779066
2004-09-20,37.48,37.67,37.29,37.46,798568
2004-09-21,37.46,37.58,37.38,37.58,539322
2004-09-22,37.52,37.52,36.72,37.0,782738
2004-09-23,37.0,37.5,36.94,37.26,690370
2004-09-24,37.22,37.83,37.0,37.58,985824
2004-09-27,37.6,37.6,37.0,37.12,568832
2004-09-28,37.1,37.59,36.94,37.38,429928
2004-09-29,37.42,38.18,37.15,38.12,1273226
2004-09-30,38.22,38.46,37.9,38.28,1154350
2004-10-01,38.45,39.01,38.15,38.65,884434
2004-10-04,38.64,38.92,38.34,38.66,862174
2004-10-05,38.65,39.0,38.54,38.6,790396
2004-10-06,38.64,38.64,38.18,38.46,889754
2004-10-07,38.42,38.42,37.62,37.66,608970
2004-10-08,37.74,38.39,37.72,37.96,719326
2004-10-11,38.12,38.22,37.7,37.86,470876
2004-10-12,37.78,37.88,37.18,37.4,963134
2004-10-13,37.5,37.67,37.16,37.4,1106430
2004-10-14,37.48,38.14,37.41,37.66,797244
2004-10-15,37.74,38.0,37.34,37.52,692572
2004-10-18,37.35,38.24,37.35,38.16,1069658
2004-10-19,38.12,38.24,37.22,37.26,761166
2004-10-20,37.26,38.0,37.14,37.76,573054
2004-10-21,37.66,37.74,36.84,37.21,729814
2004-10-22,37.3,37.69,36.86,37.1,566196
2004-10-25,36.74,37.81,36.32,36.74,1000684
2004-10-26,36.96,37.12,36.21,37.01,975423
2004-10-27,36.95,37.96,36.58,37.89,730700
2004-10-28,38.0,38.0,37.22,37.94,695201
2004-10-29,38.0,38.0,37.12,37.5,641917
2004-11-01,37.56,37.7,37.15,37.58,410292
2004-11-02,37.0,38.2,36.97,37.3,455054
2004-11-03,37.97,38.46,37.42,38.16,591828
2004-11-04,38.31,38.98,38.0,38.7,579848
2004-11-05,38.97,39.13,38.41,38.98,524294
2004-11-08,39.09,39.12,38.41,38.85,619858
2004-11-09,39.0,39.5,38.53,38.81,548297
2004-11-10,39.07,39.46,38.82,39.28,482231
2004-11-11,39.5,39.8,38.93,39.59,407088
2004-11-12,39.2,39.56,38.72,39.36,538484
2004-11-15,39.16,39.59,38.58,39.59,470198
2004-11-16,39.38,39.73,39.12,39.3,640223
2004-11-17,39.48,39.9,39.27,39.77,548418
2004-11-18,39.97,40.0,39.22,39.65,349721
2004-11-19,39.9,39.99,39.16,39.31,589933
2004-11-22,39.48,39.83,38.67,39.35,472647
2004-11-23,39.23,39.63,38.35,38.98,839521
2004-11-24,38.78,40.66,37.54,40.37,1677015
2004-11-26,40.26,40.74,39.93,40.47,347648
2004-11-29,40.9,40.98,40.21,40.92,811333
2004-11-30,40.79,41.25,40.63,40.86,1055924
2004-12-01,41.14,42.32,40.96,42.06,951688
2004-12-02,41.95,42.91,41.83,42.91,822467
2004-12-03,42.75,43.0,42.09,42.23,410598
2004-12-06,42.28,42.49,41.63,41.95,548571
2004-12-07,42.25,42.51,40.98,41.04,698624
2004-12-08,40.96,42.03,40.96,41.95,544634
2004-12-09,41.69,42.29,41.17,42.19,549081
2004-12-10,41.5,41.98,41.18,41.89,451368
2004-12-13,42.01,42.24,41.46,42.17,403653
2004-12-14,42.32,42.44,41.69,42.32,410963
2004-12-15,42.26,42.55,41.92,42.53,499422
2004-12-16,42.69,42.83,41.51,42.0,506794
2004-12-17,42.17,42.33,41.59,42.06,806167
2004-12-20,42.15,42.55,41.49,42.0,620563
2004-12-21,42.0,42.79,41.98,42.79,611849
2004-12-22,42.87,43.42,42.54,43.41,663609
2004-12-23,43.2,43.67,42.86,43.23,396814
2004-12-27,43.5,43.5,42.0,43.16,594974
2004-12-28,43.37,43.9,42.9,43.67,703710
2004-12-29,44.09,44.2,43.65,44.04,379448
2004-12-30,44.2,44.2,43.76,43.87,396449
2004-12-31,43.73,43.87,43.11,43.39,505089
2005-01-03,43.48,43.66,42.0,43.19,1287429
2005-01-04,43.2,43.25,42.1,42.63,1228046
2005-01-05,42.44,43.0,42.0,42.59,536895
2005-01-06,42.71,43.06,42.37,42.82,497406
2005-01-07,42.82,43.1,42.36,42.81,419893
2005-01-10,42.97,43.9,42.52,43.66,841515
2005-01-11,43.5,44.16,43.32,44.01,1033435
2005-01-12,44.2,44.39,43.91,44.26,888189
2005-01-13,44.26,44.7,44.2,44.35,1249942
2005-01-14,44.68,45.31,44.42,45.24,784231
2005-01-18,45.01,45.79,44.88,45.54,477361
2005-01-19,45.73,45.8,44.86,45.31,773230
2005-01-20,45.83,46.12,45.58,45.77,915079
2005-01-21,45.92,46.16,45.53,45.75,1086613
2005-01-24,45.45,46.03,45.0,45.16,694739
2005-01-25,45.13,46.1,45.11,45.41,651473
2005-01-26,45.76,45.89,44.86,45.61,1118680
2005-01-27,45.68,46.0,45.27,45.84,546426
2005-01-28,45.93,45.93,44.93,45.67,676749
2005-01-31,45.93,46.61,45.81,46.58,983046
2005-02-01,46.53,47.61,46.5,47.52,1118737
2005-02-02,47.51,48.67,47.27,48.43,1291715
2005-02-03,48.44,49.0,48.24,48.93,935636
2005-02-04,48.67,49.49,48.67,49.36,833540
2005-02-07,49.66,49.77,49.04,49.44,924497
2005-02-08,49.4,49.5,48.7,49.01,842307
2005-02-09,49.11,49.14,48.08,48.24,574404
2005-02-10,47.99,48.1,47.25,47.47,870070
2005-02-11,47.34,48.6,46.8,48.29,1010804
2005-02-14,48.34,49.0,47.86,48.33,595760
2005-02-15,48.22,49.07,47.93,48.51,471766
2005-02-16,48.31,48.59,48.0,48.59,482782
2005-02-17,48.45,48.77,47.77,47.96,411062
2005-02-18,47.66,48.48,47.58,47.99,585327
2005-02-22,47.51,48.18,46.85,47.03,785115
2005-02-23,46.79,47.62,46.14,47.1,798590
2005-02-24,47.25,49.25,47.0,49.17,824124
2005-02-25,49.23,50.27,49.0,50.27,761079
2005-02-28,50.36,50.84,49.0,49.62,1188371
2005-03-01,49.77,50.38,49.65,50.25,668184
2005-03-02,50.1,51.5,49.96,50.64,853060
2005-03-03,50.66,50.79,49.41,49.92,806890
2005-03-04,50.3,50.87,50.1,50.37,694510
2005-03-07,50.58,51.05,50.27,50.76,585924
2005-03-08,50.75,50.86,50.27,50.6,1113305
2005-03-09,50.4,50.7,49.86,50.37,1508524
2005-03-10,50.28,50.5,49.84,50.42,1153838
2005-03-11,50.49,50.6,49.57,49.88,603428
2005-03-14,50.08,50.83,50.03,50.78,945763
2005-03-15,50.9,50.97,49.7,49.91,544666
2005-03-16,49.81,50.29,48.41,48.65,945829
2005-03-17,48.85,49.71,48.65,49.26,927562
2005-03-18,49.2,49.48,48.44,48.92,1173035
2005-03-21,48.75,48.98,48.11,48.75,645638
2005-03-22,48.55,49.29,48.55,48.92,654318
2005-03-23,48.9,49.07,48.21,48.56,1075403
2005-03-24,48.56,48.99,48.18,48.3,686276
2005-03-28,48.32,48.95,48.18,48.4,438280
2005-03-29,48.35,49.22,48.35,48.81,707013
2005-03-30,49.11,49.91,48.68,49.9,464960
2005-03-31,50.0,50.17,49.26,49.95,619810
2005-04-01,50.25,50.38,49.35,49.75,754599
2005-04-04,49.75,50.32,49.47,50.18,541127
2005-04-05,50.27,51.05,49.98,50.84,783154
2005-04-06,51.05,51.65,50.93,51.33,825193
2005-04-07,51.2,51.96,51.19,51.86,540914
2005-04-08,51.99,52.0,51.23,51.39,557273
2005-04-11,51.64,51.7,50.87,51.26,377917
2005-04-12,51.08,51.89,50.7,51.55,675028
2005-04-13,51.69,51.69,50.57,50.61,555617
2005-04-14,50.84,51.46,50.45,51.05,697867
2005-04-15,50.51,52.3,50.49,51.68,1180730
2005-04-18,51.78,52.14,50.39,50.51,1251411
2005-04-19,50.69,50.69,50.11,50.37,1073886
2005-04-20,50.27,50.92,49.73,50.06,919550
2005-04-21,50.74,51.16,50.26,50.8,793994
2005-04-22,50.54,51.04,50.05,50.2,833777
2005-04-25,50.78,51.15,50.43,51.15,602999
2005-04-26,51.21,51.22,50.36,50.45,623991
2005-04-27,50.32,51.1,50.09,50.61,515677
2005-04-28,50.66,50.66,49.65,50.07,912207
2005-04-29,50.14,50.61,49.1,50.55,1097813
2005-05-02,50.4,51.18,50.32,51.12,628488
2005-05-03,50.97,51.5,50.87,51.18,590080
2005-05-04,51.2,52.16,51.1,52.04,910774
2005-05-05,52.06,52.06,51.1,51.62,715428
2005-05-06,52.0,52.13,51.44,51.63,558986
2005-05-09,51.74,52.13,51.35,51.88,593357
2005-05-10,51.87,51.87,51.06,51.29,567250
2005-05-11,51.73,52.47,51.3,52.21,645407
2005-05-12,52.25,52.93,51.81,52.27,836389
2005-05-13,52.38,52.51,51.38,51.77,661694
2005-05-16,51.82,52.14,51.5,52.08,446047
2005-05-17,52.2,52.46,51.46,52.43,505602
2005-05-18,52.56,53.28,52.26,52.9,843501
2005-05-19,52.9,53.13,52.58,52.85,460994
2005-05-20,52.71,53.24,52.58,53.01,348442
2005-05-23,53.41,53.66,53.11,53.58,596687
2005-05-24,53.73,53.85,53.18,53.58,474639
2005-05-25,53.63,53.63,52.42,52.96,501375
2005-05-26,47.02,47.02,42.32,45.46,10203887
2005-05-27,45.23,45.75,44.78,45.74,1485998
2005-05-31,45.76,45.76,44.74,45.42,1481668
2005-06-01,45.49,46.56,45.24,45.99,1136627
2005-06-02,46.13,47.27,45.92,47.24,1087032
2005-06-03,47.36,47.42,46.26,46.32,1098271
2005-06-06,46.18,46.7,46.13,46.56,843189
2005-06-07,46.75,47.57,46.49,46.54,1081057
2005-06-08,46.46,47.23,46.27,46.61,785126
2005-06-09,46.81,46.87,46.02,46.85,767678
2005-06-10,47.1,47.12,45.98,46.3,626798
2005-06-13,46.2,46.88,46.12,46.44,541506
2005-06-14,46.57,47.48,46.43,47.25,520541
2005-06-15,47.52,47.61,47.18,47.53,760935
2005-06-16,47.6,47.61,47.0,47.22,529637
2005-06-17,47.83,47.85,46.3,46.46,1579289
2005-06-20,46.25,46.51,45.85,46.27,577673
2005-06-21,46.1,46.15,45.64,45.8,1617785
2005-06-22,45.85,46.09,45.28,45.51,986452
2005-06-23,45.52,45.83,44.37,44.46,1262652
2005-06-24,44.6,44.97,43.9,43.99,984928
2005-06-27,44.04,44.5,43.75,44.36,738266
2005-06-28,44.35,44.96,44.28,44.86,925931
2005-06-29,44.9,45.0,44.08,44.4,779016
2005-06-30,44.54,45.74,44.42,45.07,960956
2005-07-01,45.22,45.45,44.22,44.53,725117
2005-07-05,44.5,44.6,43.51,44.18,940951
2005-07-06,43.98,43.98,42.47,42.62,2066331
2005-07-07,42.3,42.63,41.48,42.04,1414409
2005-07-08,42.31,42.41,41.52,41.99,1454300
2005-07-11,41.96,42.53,41.3,42.37,852546
2005-07-12,42.2,42.44,41.96,41.98,558809
2005-07-13,41.9,42.08,41.24,41.38,792248
2005-07-14,41.4,42.01,41.13,41.9,1217846
2005-07-15,42.07,42.26,41.8,42.11,866515
2005-07-18,42.26,42.31,41.57,41.98,867016
2005-07-19,42.1,42.2,41.2,41.4,1176540
2005-07-20,41.39,42.53,41.36,42.44,687618
2005-07-21,42.4,42.4,41.15,41.64,1103000
2005-07-22,41.64,42.08,40.93,41.5,842431
2005-07-25,40.9,42.3,40.85,41.89,908021
2005-07-26,41.85,42.67,41.82,42.57,819114
2005-07-27,42.62,44.45,42.57,44.2,1116372
2005-07-28,44.06,44.41,43.86,44.28,584262
2005-07-29,44.26,44.64,44.07,44.6,480957
2005-08-01,44.6,44.7,43.62,43.75,615242
2005-08-02,43.54,43.78,43.06,43.7,387296
2005-08-03,43.31,43.8,43.0,43.56,500913
2005-08-04,43.35,43.56,42.84,43.07,297847
2005-08-05,42.98,44.09,42.87,43.53,516515
2005-08-08,43.33,43.65,42.95,42.96,637098
2005-08-09,43.08,43.66,42.92,43.3,280158
2005-08-10,43.2,43.75,42.79,43.01,399874
2005-08-11,43.19,44.49,42.94,44.38,731348
2005-08-12,44.06,44.3,43.55,44.0,786427
2005-08-15,43.9,44.05,43.54,43.8,486435
2005-08-16,43.72,43.78,42.7,43.02,474451
2005-08-17,42.64,43.75,42.64,43.44,350742
2005-08-18,43.15,43.44,42.1,42.15,978686
2005-08-19,41.91,42.0,40.54,40.96,2480412
2005-08-22,41.0,41.5,40.89,41.14,1200593
2005-08-23,41.0,41.51,40.85,41.43,575478
2005-08-24,41.43,42.26,40.92,41.69,884212
2005-08-25,39.78,40.71,38.94,39.4,3477813
2005-08-26,39.14,39.36,38.47,38.65,2396784
2005-08-29,38.67,39.14,38.15,39.07,1567059
2005-08-30,38.83,39.47,38.51,39.26,869793
2005-08-31,39.3,40.11,39.3,40.06,892394
2005-09-01,40.84,41.81,40.71,41.09,1364486
2005-09-02,41.0,41.39,40.7,40.82,671823
2005-09-06,40.95,41.18,40.42,40.75,617371
2005-09-07,40.82,40.83,39.7,40.43,936106
2005-09-08,40.16,40.77,40.16,40.43,589267
2005-09-09,40.38,40.95,40.15,40.76,1219588
2005-09-12,40.81,41.41,40.46,40.93,635643
2005-09-13,41.27,41.4,40.47,40.75,941060
2005-09-14,40.98,41.61,40.3,41.1,1132237
2005-09-15,41.07,41.49,40.76,41.01,643262
2005-09-16,40.86,41.35,40.5,41.16,992980
2005-09-19,39.81,40.13,39.29,39.46,1098659
2005-09-20,39.37,39.82,39.22,39.42,1041732
2005-09-21,39.27,39.52,38.63,39.34,824930
2005-09-22,39.13,39.42,38.67,39.41,542159
2005-09-23,39.47,39.55,38.85,39.4,521197
2005-09-26,39.4,39.91,39.08,39.4,570305
2005-09-27,39.45,39.45,38.8,39.15,708305
2005-09-28,39.24,39.44,38.71,39.19,406810
2005-09-29,39.04,39.97,38.71,39.77,494994
2005-09-30,39.56,40.04,38.91,40.03,504477
2005-10-03,40.06,40.1,38.96,39.55,741500
2005-10-04,39.4,40.16,39.29,39.41,375274
2005-10-05,39.4,39.67,38.75,38.79,556456
2005-10-06,38.82,38.82,38.24,38.35,893377
2005-10-07,38.34,38.71,37.71,38.01,396156
2005-10-10,39.82,40.7,39.51,39.96,20616711
2005-10-11,39.9,40.08,39.35,39.52,3345524
2005-10-12,39.35,39.75,38.53,38.82,1551368
2005-10-13,38.64,39.01,38.44,38.58,1438274
2005-10-14,38.65,39.0,37.96,38.6,1089054
2005-10-17,38.52,39.82,38.5,39.69,1133863
2005-10-18,39.5,39.69,39.1,39.14,729104
2005-10-19,38.93,39.33,38.68,39.33,956983
2005-10-20,39.45,39.61,39.05,39.5,965512
2005-10-21,39.65,40.25,39.47,39.95,1463181
2005-10-24,40.07,40.25,39.63,40.25,821416
2005-10-25,40.25,40.45,39.71,40.18,673430
2005-10-26,40.07,40.5,39.73,39.85,734674
2005-10-27,39.68,40.11,39.47,39.48,430703
2005-10-28,39.86,40.95,39.86,40.85,772432
2005-10-31,40.73,41.64,40.72,41.38,533910
2005-11-01,41.46,41.58,41.05,41.49,594205
2005-11-02,41.62,42.46,41.25,42.02,775892
2005-11-03,42.15,42.35,41.57,41.91,549680
2005-11-04,42.11,42.29,41.54,41.8,442572
2005-11-07,41.92,42.0,41.43,41.5,873007
2005-11-08,41.19,41.89,41.09,41.4,365500
2005-11-09,41.56,41.98,41.47,41.67,440104
2005-11-10,41.92,42.82,41.66,42.75,856925
2005-11-11,42.7,43.02,42.6,42.93,368902
2005-11-14,42.79,43.15,42.3,42.46,454721
2005-11-15,42.6,42.64,41.88,42.1,604854
2005-11-16,42.27,42.62,41.77,41.85,683737
2005-11-17,42.25,42.35,41.75,42.2,809623
2005-11-18,34.89,35.72,34.45,35.01,8844659
2005-11-21,35.1,35.28,34.77,35.14,1569370
2005-11-22,35.04,36.23,35.0,35.7,1641574
2005-11-23,36.16,37.48,36.1,36.65,2375470
2005-11-25,36.65,37.2,36.5,36.64,667937
2005-11-28,36.51,36.6,35.8,36.16,1490459
2005-11-29,36.47,36.61,35.34,35.34,1532437
2005-11-30,35.31,35.5,34.82,34.94,1497175
2005-12-01,35.27,35.32,34.64,34.82,1371381
2005-12-02,34.55,34.7,34.21,34.4,1425890
2005-12-05,34.15,34.22,33.5,34.11,1320721
2005-12-06,34.08,34.39,33.35,34.11,1332113
2005-12-07,34.12,34.39,33.78,33.78,1092827
2005-12-08,33.86,34.26,33.5,33.84,841817
2005-12-09,33.86,34.15,33.64,34.11,611503
2005-12-12,34.2,34.47,34.15,34.24,739544
2005-12-13,34.14,35.22,34.14,34.65,1093162
2005-12-14,34.5,34.99,34.4,34.46,1083361
2005-12-15,34.46,34.73,34.23,34.33,754866
2005-12-16,34.24,34.67,34.11,34.25,1371115
2005-12-19,34.5,34.75,34.0,34.01,836361
2005-12-20,34.21,34.63,33.75,34.41,845169
2005-12-21,34.24,34.9,34.14,34.73,669195
2005-12-22,34.76,34.87,34.23,34.5,787497
2005-12-23,34.68,34.75,34.35,34.6,603646
2005-12-27,34.5,35.08,34.02,34.15,605432
2005-12-28,34.29,34.38,33.76,33.92,607336
2005-12-29,33.81,34.13,33.58,33.81,539807
2005-12-30,33.61,33.83,33.21,33.4,504486
2006-01-03,33.43,33.55,32.62,33.38,1856509
2006-01-04,33.32,33.65,32.75,33.34,1228546
2006-01-05,33.2,33.2,32.55,32.67,1776204
2006-01-06,32.99,33.1,32.38,32.6,1596324
2006-01-09,32.62,32.8,32.4,32.63,1205116
2006-01-10,32.41,32.59,32.2,32.53,1040966
2006-01-11,32.57,33.75,32.5,33.1,2100933
2006-01-12,33.25,33.35,32.35,32.4,1319338
2006-01-13,32.44,32.54,32.0,32.2,921545
2006-01-17,32.27,32.85,32.02,32.26,1051445
2006-01-18,32.59,33.11,32.25,32.88,1154449
2006-01-19,32.9,33.23,32.41,32.67,771269
2006-01-20,32.62,33.31,32.37,32.75,1341564
2006-01-23,32.69,32.89,32.11,32.82,1367516
2006-01-24,32.66,33.17,32.55,32.89,780214
2006-01-25,32.85,33.2,32.69,32.92,877504
2006-01-26,33.35,33.98,33.32,33.64,964003
2006-01-27,33.68,34.75,33.68,34.13,795797
2006-01-30,34.36,34.54,34.11,34.36,886584
2006-01-31,34.4,34.62,34.0,34.53,615829
2006-02-01,34.34,35.06,34.26,34.92,1312775
2006-02-02,34.79,35.3,34.06,34.26,1188846
2006-02-03,34.01,34.1,33.57,33.87,740201
2006-02-06,33.78,34.1,33.52,33.66,725822
2006-02-07,33.72,33.97,33.52,33.66,923494
2006-02-08,33.61,33.95,33.3,33.67,716049
2006-02-09,33.58,34.02,33.48,33.83,925097
2006-02-10,33.76,34.22,33.63,34.19,612634
2006-02-13,34.23,34.78,34.18,34.74,883927
2006-02-14,34.74,35.27,34.26,35.13,1221284
2006-02-15,35.17,35.22,34.55,35.13,1234764
2006-02-16,35.1,36.02,34.88,35.41,1238237
2006-02-17,35.42,35.69,35.0,35.07,895637
2006-02-21,35.05,35.3,34.8,34.9,874204
2006-02-22,35.07,35.99,34.99,35.51,1305692
2006-02-23,34.86,36.97,34.74,36.63,2322889
2006-02-24,36.58,36.9,36.22,36.37,886345
2006-02-27,36.38,36.65,36.0,36.27,801756
2006-02-28,36.3,36.35,35.95,36.04,644388
2006-03-01,35.95,36.02,35.19,35.56,1501441
2006-03-02,35.41,35.73,35.16,35.39,653723
2006-03-03,35.14,35.35,34.9,35.02,710263
2006-03-06,35.22,35.24,34.86,35.01,813976
2006-03-07,34.98,35.56,34.95,35.15,709667
2006-03-08,35.2,35.3,34.74,35.15,687597
2006-03-09,35.21,35.25,34.78,34.81,581001
2006-03-10,34.83,35.38,34.45,35.23,563325
2006-03-13,35.21,35.5,34.85,35.03,612916
2006-03-14,35.09,35.58,34.94,35.44,524175
2006-03-15,35.59,35.83,35.05,35.58,686436
2006-03-16,35.59,35.84,35.47,35.64,558799
2006-03-17,35.7,35.99,35.55,35.72,893447
2006-03-20,35.65,35.65,35.24,35.46,493627
2006-03-21,35.59,36.0,35.09,35.72,714368
2006-03-22,35.73,36.23,35.47,36.12,706103
2006-03-23,35.95,36.17,35.71,36.0,730188
2006-03-24,36.11,36.16,35.52,35.66,936257
2006-03-27,35.7,35.7,35.07,35.13,1314901
2006-03-28,35.05,35.36,34.7,35.07,895226
2006-03-29,35.02,35.26,34.71,35.25,1145102
2006-03-30,35.31,35.68,35.11,35.31,615488
2006-03-31,35.43,35.49,34.95,35.2,544656
2006-04-03,35.26,35.26,34.49,34.59,924197
2006-04-04,34.69,35.22,34.55,34.93,1120503
2006-04-05,34.93,35.0,34.28,34.5,1044256
2006-04-06,34.38,34.59,34.23,34.47,497024
2006-04-07,34.58,35.05,34.45,34.66,579131
2006-04-10,34.72,34.94,34.32,34.71,549180
2006-04-11,34.8,35.14,34.29,34.46,532575
2006-04-12,34.54,34.7,33.61,34.09,1133928
2006-04-13,33.4,33.65,32.87,33.2,1645905
2006-04-17,33.4,33.8,32.75,32.93,727573
2006-04-18,33.14,33.48,32.87,33.31,863709
2006-04-19,33.42,33.45,32.75,33.03,837219
2006-04-20,32.94,33.45,32.63,33.26,561048
2006-04-21,33.35,33.4,32.68,32.92,611489
2006-04-24,32.97,33.11,32.54,32.71,836354
2006-04-25,32.7,32.85,32.5,32.72,838204
2006-04-26,32.67,32.88,32.37,32.56,571107
2006-04-27,32.56,33.07,32.26,32.8,662451
2006-04-28,33.06,33.19,32.43,32.58,575714
2006-05-01,32.51,32.65,31.94,32.09,848606
2006-05-02,32.06,32.18,31.75,31.88,714778
2006-05-03,31.74,31.88,31.51,31.69,496495
2006-05-04,31.65,32.5,31.65,31.89,810595
2006-05-05,32.13,32.69,32.05,32.62,572846
2006-05-08,32.4,32.77,32.4,32.7,323331
2006-05-09,32.7,32.99,32.4,32.82,695767
2006-05-10,32.8,32.95,32.38,32.49,525431
2006-05-11,32.39,32.68,32.19,32.4,563806
2006-05-12,32.47,32.84,32.4,32.7,553308
2006-05-15,32.78,33.71,32.51,33.65,943791
2006-05-16,33.74,34.06,33.54,33.77,941784
2006-05-17,33.68,33.89,33.27,33.37,684622
2006-05-18,34.46,35.0,33.79,34.65,1939805
2006-05-19,34.6,35.83,34.59,35.64,2090833
2006-05-22,35.6,36.13,35.42,35.74,936076
2006-05-23,35.76,35.8,35.15,35.21,667279
2006-05-24,34.96,35.88,34.87,35.49,1200213
2006-05-25,34.55,35.42,34.13,34.77,1801042
2006-05-26,34.68,34.85,34.2,34.71,674753
2006-05-30,34.56,35.0,34.5,34.5,573651
2006-05-31,34.48,34.82,33.78,34.25,1635116
2006-06-01,34.14,34.88,34.14,34.49,1776200
2006-06-02,34.39,34.68,34.03,34.42,831951
2006-06-05,34.52,35.24,34.29,34.4,1089143
2006-06-06,34.36,34.71,33.82,34.03,853457
2006-06-07,34.01,34.59,33.95,34.23,644275
2006-06-08,34.25,34.42,33.68,34.2,906342
2006-06-09,34.16,34.3,33.7,33.92,561525
2006-06-12,33.85,34.52,33.75,34.1,603276
2006-06-13,34.05,34.96,34.0,34.46,895684
2006-06-14,34.36,34.57,34.06,34.5,735597
2006-06-15,34.6,34.6,34.12,34.47,871261
2006-06-16,34.37,34.98,34.17,34.66,1048067
2006-06-19,34.6,34.77,34.06,34.21,743747
2006-06-20,34.26,34.73,34.11,34.38,872372
2006-06-21,34.3,34.63,34.24,34.41,608792
2006-06-22,34.32,34.43,33.71,34.12,738946
2006-06-23,33.8,34.25,33.69,33.97,644319
2006-06-26,33.95,34.33,33.9,34.04,617921
2006-06-27,34.18,34.18,33.53,33.68,687182
2006-06-28,33.73,34.34,33.67,33.88,701360
2006-06-29,34.14,34.85,33.69,34.67,906462
2006-06-30,34.92,35.19,34.61,34.93,913896
2006-07-03,35.03,35.03,34.54,34.67,292746
2006-07-05,34.55,35.18,34.14,34.45,947876
2006-07-06,34.54,34.7,34.06,34.2,768161
2006-07-07,34.03,34.33,34.0,34.05,1020685
2006-07-10,34.18,34.54,34.05,34.21,390210
2006-07-11,34.1,34.39,34.0,34.29,586278
2006-07-12,34.18,34.5,33.89,34.13,501873
2006-07-13,34.12,34.4,33.99,34.0,722692
2006-07-14,33.9,33.99,32.93,33.03,1549147
2006-07-17,33.02,33.14,32.5,32.61,755858
2006-07-18,32.71,32.76,31.96,32.29,754220
2006-07-19,32.35,33.35,32.35,33.29,757505
2006-07-20,33.18,33.18,32.62,32.67,476092
2006-07-21,32.42,32.85,32.2,32.22,676162
2006-07-24,32.19,32.76,32.19,32.7,490472
2006-07-25,32.62,33.46,32.31,33.3,813422
2006-07-26,33.33,33.92,33.09,33.71,555563
2006-07-27,33.74,33.91,33.32,33.51,632215
2006-07-28,33.8,34.19,33.56,33.93,302008
2006-07-31,33.77,34.25,33.14,33.26,522879
2006-08-01,33.04,33.38,32.75,33.15,767323
2006-08-02,33.0,33.56,32.99,33.17,443458
2006-08-03,33.11,33.49,33.0,33.21,307287
2006-08-04,33.5,33.65,32.88,33.07,357175
2006-08-07,32.9,33.25,32.71,32.72,331050
2006-08-08,32.89,33.07,32.5,32.69,359623
2006-08-09,33.1,33.61,32.85,33.0,563966
2006-08-10,32.95,33.23,32.67,32.89,734761
2006-08-11,32.71,32.86,32.36,32.8,267264
2006-08-14,33.03,33.21,32.62,32.62,368406
2006-08-15,32.65,33.02,32.46,32.66,545883
2006-08-16,32.89,33.03,32.52,33.03,632268
2006-08-17,32.88,33.32,32.81,33.23,365718
2006-08-18,33.35,33.39,32.82,33.12,481897
2006-08-21,32.88,33.26,32.62,33.0,353604
2006-08-22,32.92,33.32,32.77,33.09,328159
2006-08-23,33.18,33.25,32.7,32.88,581328
2006-08-24,31.0,31.9,29.61,31.34,5946512
2006-08-25,31.52,32.0,31.26,31.36,1570028
2006-08-28,31.02,31.46,30.86,31.07,1488214
2006-08-29,31.01,31.19,30.9,31.04,1232325
2006-08-30,31.06,31.06,30.9,30.96,906775
2006-08-31,31.05,31.05,30.82,30.82,788301
2006-09-01,30.94,31.0,30.73,30.95,737115
2006-09-05,30.88,31.3,30.86,31.11,719582
2006-09-06,30.75,30.99,30.5,30.6,617812
2006-09-07,30.49,31.16,30.49,31.01,836727
2006-09-08,31.12,31.14,30.82,30.98,732081
2006-09-11,30.7,31.13,30.45,30.98,671236
2006-09-12,30.98,31.0,30.29,30.71,1089823
2006-09-13,30.63,31.55,30.61,31.5,1036442
2006-09-14,31.55,31.66,31.26,31.61,790220
2006-09-15,31.68,32.32,31.61,32.32,2079783
2006-09-18,32.3,32.52,32.12,32.41,974648
2006-09-19,32.6,33.03,32.47,32.88,1042431
2006-09-20,32.77,33.3,32.73,33.21,1853106
2006-09-21,33.16,33.41,33.04,33.23,1150413
2006-09-22,33.27,33.35,32.82,33.03,922084
2006-09-25,33.0,33.78,32.95,33.78,895789
2006-09-26,33.87,34.06,33.69,33.99,928516
2006-09-27,34.01,34.07,33.44,33.67,819757
2006-09-28,33.79,33.79,33.26,33.32,975550
2006-09-29,33.49,33.67,33.3,33.61,737773
2006-10-02,33.7,33.78,33.23,33.27,658627
2006-10-03,33.33,33.83,33.12,33.63,626349
2006-10-04,33.42,34.17,33.3,33.99,786234
2006-10-05,33.86,34.18,33.78,34.11,517985
2006-10-06,34.05,34.11,33.56,33.6,936234
2006-10-09,33.5,33.91,33.42,33.74,541448
2006-10-10,33.85,33.92,33.46,33.76,603102
2006-10-11,33.79,33.79,33.51,33.67,715691
2006-10-12,33.81,33.81,33.32,33.8,754171
2006-10-13,33.65,33.94,33.4,33.54,1023406
2006-10-16,33.41,33.92,33.41,33.58,708506
2006-10-17,33.43,33.58,33.14,33.23,943712
2006-10-18,33.46,33.53,33.13,33.33,906905
2006-10-19,33.12,33.64,33.08,33.62,573093
2006-10-20,33.74,33.75,33.23,33.28,644556
2006-10-23,33.15,33.89,33.15,33.84,725516
2006-10-24,33.63,33.78,33.43,33.68,757434
2006-10-25,33.57,33.86,33.22,33.57,506445
2006-10-26,33.48,33.76,33.31,33.4,565849
2006-10-27,33.47,33.48,32.98,33.21,661944
2006-10-30,33.23,33.41,32.93,33.08,586309
2006-10-31,33.21,33.21,32.56,32.85,840285
2006-11-01,33.01,33.02,32.24,32.29,846850
2006-11-02,32.31,33.18,32.28,32.9,1255308
2006-11-03,33.03,33.03,32.6,32.63,445143
2006-11-06,32.72,33.03,32.72,32.87,404944
2006-11-07,32.72,33.01,32.66,32.91,419072
2006-11-08,32.76,32.98,32.41,32.86,442261
2006-11-09,32.95,33.02,32.07,32.19,491300
2006-11-10,32.05,32.26,31.8,32.07,485145
2006-11-13,31.96,32.35,31.94,32.05,753749
2006-11-14,32.25,32.46,31.9,32.34,501297
2006-11-15,32.39,33.24,32.35,32.9,556981
2006-11-16,33.19,33.19,32.42,32.85,504867
2006-11-17,32.78,32.89,32.51,32.73,613073
2006-11-20,32.72,32.83,32.41,32.57,937160
2006-11-21,32.51,33.02,32.51,33.0,959554
2006-11-22,34.04,37.93,33.73,36.76,4582569
2006-11-24,36.57,37.25,36.55,36.85,811475
2006-11-27,36.65,36.87,36.45,36.63,1054066
2006-11-28,36.53,36.9,36.13,36.53,1124647
2006-11-29,35.99,36.1,35.14,35.73,2098234
2006-11-30,35.7,37.21,35.47,37.11,2308446
2006-12-01,36.95,37.68,36.95,37.29,1182903
2006-12-04,37.35,37.99,37.19,37.83,1193624
2006-12-05,37.88,38.28,37.66,38.13,1382689
2006-12-06,38.05,38.22,37.36,37.7,951039
2006-12-07,37.86,38.07,37.28,37.35,782458
2006-12-08,37.22,37.67,36.88,37.26,1028627
2006-12-11,37.17,38.09,37.14,37.49,776385
2006-12-12,37.66,37.69,36.82,37.11,736166
2006-12-13,37.15,37.46,37.0,37.39,768547
2006-12-14,37.34,38.0,37.09,37.2,996431
2006-12-15,37.27,37.49,36.95,37.08,1169266
2006-12-18,37.1,37.64,36.65,36.89,635290
2006-12-19,36.8,37.01,36.27,36.65,566231
2006-12-20,36.68,36.86,36.42,36.45,600322
2006-12-21,36.65,36.79,36.2,36.36,697227
2006-12-22,36.51,36.51,35.71,36.01,703108
2006-12-26,36.01,36.18,35.68,35.97,424276
2006-12-27,36.31,36.35,35.89,35.96,545833
2006-12-28,35.85,36.25,35.71,36.11,403975
2006-12-29,36.05,36.15,35.47,35.51,470849
2007-01-03,35.62,36.32,35.13,35.45,1265063
2007-01-04,35.35,36.1,35.2,35.88,733127
2007-01-05,36.01,36.24,35.66,35.81,582802
2007-01-08,35.63,36.06,35.6,35.77,448520
2007-01-09,35.71,36.13,35.65,35.81,508638
2007-01-10,35.6,36.25,35.5,36.21,609012
2007-01-11,36.49,37.0,36.23,36.64,581664
2007-01-12,36.7,37.0,36.54,36.68,427119
2007-01-16,36.62,37.07,36.62,37.0,641508
2007-01-17,36.99,37.49,36.84,37.39,620541
2007-01-18,37.49,38.29,37.39,37.47,986144
2007-01-19,37.25,37.42,36.86,37.2,725449
2007-01-22,37.2,37.2,36.74,36.93,534832
2007-01-23,36.79,37.05,36.55,36.8,488971
2007-01-24,37.11,37.23,36.74,37.13,478610
2007-01-25,36.75,36.91,36.39,36.42,605969
2007-01-26,36.7,36.7,35.97,36.51,493461
2007-01-29,36.23,36.77,36.02,36.57,496469
2007-01-30,36.71,37.26,36.48,37.16,594357
2007-01-31,37.2,37.71,37.1,37.61,750066
2007-02-01,37.62,38.46,37.6,38.24,1072352
2007-02-02,38.25,38.86,38.25,38.66,699084
2007-02-05,38.66,38.82,38.25,38.5,393101
2007-02-06,38.66,38.74,37.93,38.33,710668
2007-02-07,38.34,39.18,38.27,39.06,836285
2007-02-08,39.16,39.7,39.1,39.66,1088523
2007-02-09,39.66,39.76,38.77,38.99,1764410
2007-02-12,38.84,39.1,38.44,38.94,528865
2007-02-13,39.07,39.2,38.62,38.93,463961
2007-02-14,38.99,39.47,38.88,39.32,426210
2007-02-15,39.18,39.5,39.03,39.47,461285
2007-02-16,39.33,39.39,37.97,38.29,1423289
2007-02-20,38.22,38.76,37.73,38.71,733529
2007-02-21,38.5,38.76,38.0,38.25,1217500
2007-02-22,35.85,37.43,34.8,35.19,4637178
2007-02-23,35.23,35.23,33.96,34.07,3176497
2007-02-26,34.29,34.31,31.71,33.52,3253907
2007-02-27,33.26,33.54,32.59,32.77,3048204
2007-02-28,32.69,33.71,32.62,33.38,2755765
2007-03-01,32.99,33.63,32.5,33.29,1505782
2007-03-02,33.15,33.47,32.79,33.1,1599194
2007-03-05,33.0,33.14,32.2,32.83,2667877
2007-03-06,33.0,33.5,32.66,33.33,1823429
2007-03-07,33.1,33.33,32.89,33.06,828870
2007-03-08,33.28,33.39,32.97,33.23,699704
2007-03-09,33.5,33.5,33.05,33.28,541553
2007-03-12,33.11,33.43,33.0,33.25,640464
2007-03-13,32.97,33.08,32.41,32.55,884760
2007-03-14,32.7,33.18,32.43,33.02,1019827
2007-03-15,33.03,33.16,32.72,33.03,810431
2007-03-16,33.02,33.25,32.52,33.18,1272827
2007-03-19,33.23,33.57,33.04,33.41,780347
2007-03-20,33.37,33.57,33.13,33.42,502764
2007-03-21,33.39,33.74,32.83,33.74,1025544
2007-03-22,33.61,33.9,33.22,33.3,1187562
2007-03-23,33.19,33.37,32.98,33.0,1230088
2007-03-26,33.22,33.22,32.56,33.02,1257910
2007-03-27,32.81,33.02,32.63,33.0,710521
2007-03-28,32.99,33.49,32.8,33.22,1297880
2007-03-29,34.61,35.61,34.03,35.3,3920642
2007-03-30,35.29,35.72,35.29,35.49,1694980
2007-04-02,35.44,35.66,35.44,35.58,1147844
2007-04-03,35.69,36.15,35.69,35.94,1290716
2007-04-04,35.95,36.12,35.83,35.99,1038173
2007-04-05,36.8,37.0,36.12,36.36,1088575
2007-04-09,36.21,36.66,36.13,36.16,1061934
2007-04-10,36.02,36.83,36.02,36.71,803882
2007-04-11,36.63,36.66,36.04,36.07,809660
2007-04-12,36.01,36.32,35.69,36.21,892354
2007-04-13,36.11,36.45,35.96,36.42,498267
2007-04-16,36.33,36.77,36.18,36.55,438537
2007-04-17,36.43,36.71,36.34,36.53,442364
2007-04-18,36.35,36.42,36.08,36.23,527579
2007-04-19,36.11,36.11,35.68,35.96,590691
2007-04-20,36.38,37.27,35.76,36.79,1145485
2007-04-23,36.8,36.85,36.48,36.75,571691
2007-04-24,36.74,36.93,36.2,36.56,678997
2007-04-25,36.6,36.76,36.23,36.68,558697
2007-04-26,36.31,36.65,36.27,36.47,430101
2007-04-27,36.41,36.5,36.21,36.28,499542
2007-04-30,36.36,36.48,36.01,36.06,613780
2007-05-01,36.01,36.4,35.87,36.24,666127
2007-05-02,36.25,36.75,36.1,36.7,481762
2007-05-03,36.71,36.88,36.46,36.84,416602
2007-05-04,36.92,36.92,36.31,36.74,466223
2007-05-07,36.77,36.85,36.34,36.47,465614
2007-05-08,36.32,36.41,35.96,36.35,1086383
2007-05-09,36.32,36.9,36.26,36.85,761149
2007-05-10,36.81,36.81,34.99,35.51,1511466
2007-05-11,35.52,35.87,34.94,35.03,1382504
2007-05-14,35.0,35.15,34.76,34.8,1418939
2007-05-15,34.92,35.33,34.69,34.69,911873
2007-05-16,34.65,34.92,34.56,34.75,890860
2007-05-17,34.65,34.89,34.09,34.13,885294
2007-05-18,34.17,34.4,33.81,34.3,1335375
2007-05-21,34.3,34.45,34.13,34.26,1099995
2007-05-22,34.15,34.95,34.09,34.63,993468
2007-05-23,34.79,35.22,34.54,34.78,1126085
2007-05-24,35.52,37.25,35.22,35.58,2341580
2007-05-25,35.58,37.76,35.42,37.25,1809337
2007-05-29,37.09,37.91,36.76,37.36,1023565
2007-05-30,37.33,37.52,37.02,37.34,1001480
2007-05-31,37.25,37.59,37.25,37.52,981916
2007-06-01,37.66,37.75,37.26,37.47,751472
2007-06-04,37.64,38.27,37.55,38.02,1460195
2007-06-05,37.97,38.21,37.61,37.98,964578
2007-06-06,37.91,38.13,37.22,37.33,808792
2007-06-07,36.8,37.49,36.75,37.16,836807
2007-06-08,36.9,37.16,36.57,36.91,831217
2007-06-11,36.85,37.22,36.63,36.87,635973
2007-06-12,36.5,37.07,36.35,36.8,823297
2007-06-13,36.86,37.16,36.73,37.05,1302920
2007-06-14,37.15,37.52,36.83,36.88,1044391
2007-06-15,37.16,37.25,36.81,36.87,1561306
2007-06-18,36.85,36.98,36.48,36.79,806915
2007-06-19,36.57,37.48,36.56,37.4,810047
2007-06-20,37.56,38.0,37.25,37.7,1155806
2007-06-21,37.67,37.76,37.27,37.6,737519
2007-06-22,37.47,37.52,36.98,37.05,966592
2007-06-25,36.98,37.52,36.85,37.04,568601
2007-06-26,37.34,37.75,37.16,37.59,643510
2007-06-27,37.39,37.75,37.14,37.71,550286
2007-06-28,37.71,37.88,37.5,37.59,627300
2007-06-29,37.59,37.69,37.14,37.27,583508
2007-07-02,37.53,38.23,37.53,37.7,643276
2007-07-03,37.68,37.97,37.57,37.73,457228
2007-07-05,37.98,37.99,37.38,37.77,765963
2007-07-06,37.67,37.84,37.43,37.61,689892
2007-07-09,37.57,37.86,37.3,37.6,663907
2007-07-10,37.42,37.8,37.03,37.14,907030
2007-07-11,37.14,37.6,37.14,37.47,761034
2007-07-12,37.47,37.69,37.24,37.69,930576
2007-07-13,37.7,37.8,37.08,37.34,2048328
2007-07-16,37.34,37.47,37.08,37.34,1091022
2007-07-17,37.49,37.93,37.26,37.46,827358
2007-07-18,37.47,37.7,36.88,37.11,758805
2007-07-19,37.33,37.33,36.72,37.15,1329465
2007-07-20,37.25,37.37,36.39,36.45,1181400
2007-07-23,37.34,37.34,35.96,36.23,2367478
2007-07-24,36.06,36.79,36.03,36.19,1397589
2007-07-25,36.3,36.8,36.06,36.62,1428626
2007-07-26,36.33,36.43,35.71,36.11,1421888
2007-07-27,36.23,36.23,35.27,35.38,1768546
2007-07-30,35.25,36.36,35.03,36.23,1607476
2007-07-31,36.51,36.57,35.84,35.87,773005
2007-08-01,35.73,36.26,35.43,36.06,1307233
2007-08-02,36.15,36.34,35.83,36.13,751821
2007-08-03,36.12,36.31,35.39,35.4,861395
2007-08-06,35.68,37.05,35.46,36.63,1902792
2007-08-07,36.35,37.0,36.33,36.86,2102774
2007-08-08,36.94,37.81,36.52,37.81,1625269
2007-08-09,37.4,37.53,36.47,36.47,1704745
2007-08-10,36.33,37.1,35.35,36.77,1254743
2007-08-13,36.92,37.68,35.97,37.31,1233473
2007-08-14,37.51,37.75,36.87,37.11,664851
2007-08-15,37.12,37.7,36.86,36.91,753339
2007-08-16,36.65,37.69,36.61,36.91,1903966
2007-08-17,37.69,38.0,36.81,37.71,1104672
2007-08-20,37.52,37.69,37.22,37.46,532877
2007-08-21,37.17,39.32,37.14,39.04,1527151
2007-08-22,39.26,39.32,38.06,38.47,1054894
2007-08-23,38.26,38.5,37.51,37.89,1898694
2007-08-24,37.95,37.97,37.01,37.43,1123456
2007-08-27,37.52,38.41,37.35,38.13,837341
2007-08-28,37.81,38.13,36.9,36.92,960614
2007-08-29,36.95,37.34,36.24,36.77,1244649
2007-08-30,36.49,37.05,36.31,36.78,896914
2007-08-31,37.15,37.23,36.53,36.78,605415
2007-09-04,36.68,38.22,36.61,38.11,1039828
2007-09-05,38.05,38.09,37.63,37.8,734757
2007-09-06,37.8,38.61,37.63,38.22,679545
2007-09-07,37.97,38.18,37.62,37.9,702625
2007-09-10,38.13,38.24,37.84,37.95,770206
2007-09-11,38.0,38.29,37.88,38.22,625489
2007-09-12,38.06,38.28,37.83,38.19,791037
2007-09-13,38.49,38.65,38.27,38.6,589242
2007-09-14,38.48,38.57,38.17,38.36,659618
2007-09-17,38.12,38.5,37.63,38.0,366188
2007-09-18,38.22,39.34,38.13,39.25,729777
2007-09-19,39.27,39.5,38.79,39.1,566832
2007-09-20,39.0,39.1,38.72,38.77,618141
2007-09-21,38.83,39.0,38.36,38.36,1357154
2007-09-24,38.33,38.5,37.74,38.43,742349
2007-09-25,38.17,38.63,37.97,38.33,681640
2007-09-26,38.61,39.35,38.49,38.86,512274
2007-09-27,39.0,39.05,38.6,38.73,334385
2007-09-28,38.89,38.89,38.31,38.61,838974
2007-10-01,38.85,39.57,38.65,39.46,808302
2007-10-02,39.52,39.76,38.8,39.05,459520
2007-10-03,38.8,39.03,38.44,38.6,596327
2007-10-04,38.71,39.47,38.48,39.42,733084
2007-10-05,39.5,40.06,39.14,40.05,735130
2007-10-08,40.08,40.08,39.53,39.77,262266
2007-10-09,39.71,39.77,39.51,39.63,556123
2007-10-10,39.56,39.63,39.23,39.3,545710
2007-10-11,39.39,39.5,38.71,38.76,773911
2007-10-12,38.87,38.95,38.5,38.76,613724
2007-10-15,38.66,38.71,38.17,38.38,631971
2007-10-16,38.34,38.6,38.16,38.22,599893
2007-10-17,38.38,38.5,37.8,38.15,607393
2007-10-18,38.16,38.25,37.83,38.22,608768
2007-10-19,38.19,38.79,37.08,37.13,1061094
2007-10-22,37.09,37.76,36.83,37.72,664433
2007-10-23,37.61,37.95,37.11,37.93,694457
2007-10-24,37.69,38.23,37.32,38.22,863930
2007-10-25,38.37,38.81,37.89,38.12,1049533
2007-10-26,38.53,38.53,37.64,38.04,464568
2007-10-29,38.07,39.03,38.07,38.95,529338
2007-10-30,38.87,39.15,38.63,38.87,500683
2007-10-31,38.95,39.11,38.29,39.11,605258
2007-11-01,38.99,39.93,38.81,39.16,842925
2007-11-02,39.45,39.67,39.04,39.46,527122
2007-11-05,39.02,39.39,38.51,39.0,621929
2007-11-06,39.13,39.26,38.09,38.49,699713
2007-11-07,38.1,38.45,37.35,37.38,842520
2007-11-08,37.35,38.27,37.21,38.0,1108713
2007-11-09,37.47,38.08,37.3,37.38,659153
2007-11-12,37.4,38.12,37.4,37.57,1157103
2007-11-13,38.28,38.28,37.06,37.91,925407
2007-11-14,37.79,37.79,36.92,36.99,658908
2007-11-15,36.93,38.09,36.91,37.47,674817
2007-11-16,37.68,38.14,37.44,37.93,798944
2007-11-19,37.64,37.83,37.07,37.31,619866
2007-11-20,37.46,37.82,36.92,37.62,960554
2007-11-21,30.56,33.2,28.5,29.08,11063431
2007-11-23,29.11,29.99,28.32,29.91,1499004
2007-11-26,29.81,30.6,29.73,29.75,3567084
2007-11-27,30.05,30.28,29.53,29.98,2428389
2007-11-28,30.47,31.43,29.9,31.34,2587974
2007-11-29,32.77,32.96,32.12,32.53,1995949
2007-11-30,32.83,32.83,31.96,32.18,1780688
2007-12-03,31.88,32.17,30.64,30.75,1742232
2007-12-04,30.41,31.7,30.41,31.37,1950772
2007-12-05,31.74,32.53,31.55,32.48,1322358
2007-12-06,32.5,32.82,31.9,32.81,914718
2007-12-07,32.81,33.09,32.59,33.0,930360
2007-12-10,33.15,33.53,32.92,33.2,844074
2007-12-11,33.31,33.56,32.35,32.36,933699
2007-12-12,33.04,33.07,32.23,32.45,1220817
2007-12-13,32.45,32.75,32.04,32.53,929269
2007-12-14,32.22,32.39,31.95,32.06,1040375
2007-12-17,32.0,32.12,31.83,31.86,1051589
2007-12-18,32.1,32.19,31.72,32.02,1707816
2007-12-19,31.9,32.21,31.81,31.9,1642836
2007-12-20,32.16,32.68,31.73,32.62,1220583
2007-12-21,33.0,33.56,32.83,33.42,2050636
2007-12-24,33.75,34.6,33.74,34.2,818160
2007-12-26,34.18,34.2,33.74,33.94,696592
2007-12-27,33.99,34.18,33.77,33.78,1276857
2007-12-28,34.12,34.39,33.81,34.09,1106520
2007-12-31,34.0,34.13,33.89,33.95,989576
2008-01-02,34.0,34.19,32.82,33.1,1616410
2008-01-03,32.99,33.76,32.98,33.59,1211306
2008-01-04,33.48,33.69,33.18,33.21,1322811
2008-01-07,33.09,34.29,33.08,34.07,1363968
2008-01-08,34.15,34.23,32.64,32.68,1992914
2008-01-09,32.7,33.99,32.55,33.87,1559014
2008-01-10,33.47,34.0,32.88,33.34,1363061
2008-01-11,33.01,34.14,32.95,33.47,1220194
2008-01-14,33.58,33.78,33.29,33.56,1142017
2008-01-15,33.31,33.67,33.21,33.34,1483836
2008-01-16,34.0,34.81,33.43,34.37,1398228
2008-01-17,34.48,34.79,33.89,33.9,1828780
2008-01-18,33.83,34.8,33.77,33.95,2786743
2008-01-22,32.88,33.14,32.28,32.72,2429425
2008-01-23,31.83,32.72,31.29,32.36,1717969
2008-01-24,32.27,32.27,31.6,31.97,1422570
2008-01-25,32.25,32.25,31.47,31.48,1649072
2008-01-28,31.48,31.61,30.89,31.43,1438955
2008-01-29,31.34,32.06,31.34,32.0,1436833
2008-01-30,32.0,32.14,31.46,31.55,1755587
2008-01-31,31.21,32.29,31.19,32.04,1338973
2008-02-01,32.26,32.9,32.11,32.76,1925980
2008-02-04,32.87,33.03,32.48,32.48,1510806
2008-02-05,31.73,32.31,31.53,31.53,1997006
2008-02-06,31.72,31.85,31.54,31.6,1692368
2008-02-07,31.56,31.78,31.31,31.74,2328282
2008-02-08,31.6,32.6,31.6,32.53,2546902
2008-02-11,32.55,32.69,32.13,32.54,1354711
2008-02-12,32.75,33.52,32.56,33.35,1215889
2008-02-13,33.52,33.88,33.13,33.38,968677
2008-02-14,33.41,33.63,33.3,33.39,972948
2008-02-15,33.24,33.39,32.89,33.36,976240
2008-02-19,33.71,34.42,33.71,34.04,1214274
2008-02-20,33.86,34.4,33.81,34.39,1497191
2008-02-21,34.8,36.45,34.67,34.77,2704326
2008-02-22,35.01,35.75,34.83,35.71,1686631
2008-02-25,35.63,36.54,35.63,36.49,1292885
2008-02-26,36.32,37.09,35.9,36.72,1001132
2008-02-27,36.55,36.73,36.38,36.5,1211071
2008-02-28,36.36,36.73,36.05,36.57,852780
2008-02-29,36.44,36.44,35.15,35.2,1301837
2008-03-03,35.2,35.63,35.05,35.29,1843583
2008-03-04,35.13,35.59,34.85,35.49,1457939
2008-03-05,35.52,36.0,35.46,35.72,967255
2008-03-06,35.65,35.73,34.54,34.58,1129338
2008-03-07,34.53,34.66,33.61,33.68,1774394
2008-03-10,33.7,34.18,33.7,33.86,1401141
2008-03-11,34.28,34.98,33.95,34.7,1713504
2008-03-12,34.89,35.56,34.15,34.91,1125281
2008-03-13,34.66,35.06,34.4,34.96,1045822
2008-03-14,35.08,35.21,34.0,34.35,1441250
2008-03-17,34.01,35.16,34.01,34.54,1240902
2008-03-18,35.46,37.09,35.14,35.96,1653353
2008-03-19,36.21,36.69,35.6,35.6,1400971
2008-03-20,35.66,36.12,35.4,36.02,2721226
2008-03-24,36.35,37.17,35.92,37.12,1192712
2008-03-25,37.17,37.45,36.7,36.83,1444772
2008-03-26,36.74,36.85,35.71,35.89,2328103
2008-03-27,35.78,36.53,35.78,36.19,996479
2008-03-28,36.63,36.89,36.18,36.27,1118070
2008-03-31,36.6,36.6,35.94,36.3,1347199
2008-04-01,36.71,37.5,36.4,37.37,2415520
2008-04-02,37.41,37.78,37.0,37.41,1316693
2008-04-03,37.37,37.47,36.74,37.08,1006943
2008-04-04,37.25,37.45,36.92,37.18,1073955
2008-04-07,36.5,36.5,34.57,35.35,3950449
2008-04-08,35.42,35.72,35.14,35.68,1466133
2008-04-09,35.92,36.04,35.39,35.85,1553880
2008-04-10,33.92,34.49,33.5,34.23,3195370
2008-04-11,34.06,34.2,33.78,33.85,1500363
2008-04-14,33.78,33.93,33.4,33.58,1298987
2008-04-15,33.63,33.63,32.67,33.09,1609031
2008-04-16,33.2,33.63,32.67,33.58,1296394
2008-04-17,33.55,33.59,32.59,33.06,1935901
2008-04-18,33.69,33.78,33.25,33.44,1293782
2008-04-21,33.24,33.75,33.11,33.5,1008868
2008-04-22,33.19,33.67,32.95,33.27,1149652
2008-04-23,33.54,33.95,33.23,33.82,1281667
2008-04-24,33.77,33.79,32.53,32.66,2841113
2008-04-25,32.96,33.63,32.7,33.51,2545436
2008-04-28,33.55,34.13,33.53,34.04,1573628
2008-04-29,33.86,34.24,33.8,34.1,970856
2008-04-30,34.2,34.68,34.01,34.2,1270273
2008-05-01,34.54,35.73,34.31,35.57,1985831
2008-05-02,35.82,35.89,35.02,35.19,1074581
2008-05-05,35.03,35.45,34.96,35.38,894487
2008-05-06,34.94,35.4,34.41,35.2,1740161
2008-05-07,35.35,35.6,34.9,34.98,850971
2008-05-08,35.09,35.81,35.09,35.38,1008144
2008-05-09,35.25,35.95,35.18,35.79,1325653
2008-05-12,35.78,35.88,35.08,35.53,997252
2008-05-13,35.62,35.62,34.96,35.38,604609
2008-05-14,35.54,36.8,35.38,36.24,1658754
2008-05-15,36.17,36.25,35.83,36.09,1195947
2008-05-16,36.23,36.23,34.95,35.47,1799947
2008-05-19,35.33,35.82,35.18,35.24,1520613
2008-05-20,35.19,35.7,34.68,35.05,1411618
2008-05-21,35.24,35.24,34.11,34.39,3033242
2008-05-22,33.52,33.68,32.52,33.32,4189741
2008-05-23,33.21,34.09,32.78,33.57,2857086
2008-05-27,33.59,34.03,33.46,33.74,1552222
2008-05-28,33.79,33.8,33.45,33.73,1145071
2008-05-29,33.76,34.26,33.49,33.91,1082757
2008-05-30,33.85,34.07,33.39,34.01,1276186
2008-06-02,33.86,34.06,33.18,33.61,1527657
2008-06-03,33.88,33.88,33.18,33.42,1840079
2008-06-04,33.15,34.18,33.15,34.05,1649909
2008-06-05,33.94,34.15,33.8,34.11,1784514
2008-06-06,33.95,34.1,33.16,33.27,1423574
2008-06-09,33.19,33.5,32.73,33.22,1695719
2008-06-10,32.83,33.21,32.59,32.9,1211739
2008-06-11,32.78,32.88,32.19,32.45,2162442
2008-06-12,32.72,33.17,32.21,32.98,2278886
2008-06-13,33.11,33.2,32.26,32.79,3734452
2008-06-16,32.44,32.53,31.93,32.34,1522998
2008-06-17,32.35,32.36,31.7,31.73,1379969
2008-06-18,31.86,31.86,31.12,31.18,1982676
2008-06-19,31.14,31.62,31.13,31.57,1719420
2008-06-20,31.34,31.62,30.58,30.8,2566571
2008-06-23,30.6,31.26,30.6,30.99,1751948
2008-06-24,31.06,31.07,30.37,30.54,1865455
2008-06-25,30.81,31.31,30.48,31.23,1363202
2008-06-26,30.76,31.19,30.65,30.68,1456546
2008-06-27,31.13,31.13,29.76,29.76,2906463
2008-06-30,29.72,29.83,29.32,29.39,2648300
2008-07-01,29.13,29.65,28.96,29.14,2143610
2008-07-02,29.08,29.58,28.92,29.13,1469006
2008-07-03,29.09,29.26,28.85,29.02,732868
2008-07-07,29.2,29.26,28.63,29.02,1002275
2008-07-08,29.1,30.18,28.98,30.13,1284707
2008-07-09,29.81,29.96,28.75,28.76,1421749
2008-07-10,28.85,29.45,28.69,29.18,1437373
2008-07-11,28.96,29.55,28.76,29.32,1307774
2008-07-14,29.58,29.64,28.69,29.12,1283683
2008-07-15,29.12,29.98,29.06,29.75,1467677
2008-07-16,29.74,30.69,29.48,30.53,1890761
2008-07-17,30.69,32.2,30.57,31.83,2506776
2008-07-18,32.04,32.05,31.32,31.46,1746904
2008-07-21,31.42,32.0,31.37,31.7,1518777
2008-07-22,31.73,32.16,31.34,31.86,1544430
2008-07-23,31.96,32.03,31.39,31.81,1174755
2008-07-24,31.55,31.96,31.17,31.8,1114231
2008-07-25,31.86,32.09,31.43,31.77,788938
2008-07-28,31.55,31.86,30.95,31.1,734398
2008-07-29,31.35,32.02,30.99,31.59,1103352
2008-07-30,31.7,31.97,30.94,31.45,1181911
2008-07-31,31.31,31.96,31.04,31.23,1599273
2008-08-01,31.19,31.48,30.72,31.07,1211853
2008-08-04,30.99,31.43,30.43,30.51,1833360
2008-08-05,30.63,32.38,30.63,32.38,2301895
2008-08-06,32.25,32.37,31.77,31.91,1214525
2008-08-07,31.8,32.25,31.56,31.97,1703104
2008-08-08,31.9,32.53,31.9,32.41,1017291
2008-08-11,32.34,33.18,32.08,32.99,901065
2008-08-12,33.02,33.42,32.86,33.19,1275112
2008-08-13,33.41,33.85,32.5,32.9,2044649
2008-08-14,32.5,33.02,32.5,32.95,1517404
2008-08-15,33.09,33.09,32.39,32.69,1585358
2008-08-18,32.69,33.1,32.53,32.86,1510675
2008-08-19,32.9,33.24,32.65,32.82,1089620
2008-08-20,33.0,33.27,32.64,32.95,1669747
2008-08-21,31.33,32.15,31.06,31.89,2894983
2008-08-22,32.08,32.26,31.77,32.2,1243788
2008-08-25,32.11,32.18,31.51,31.65,1610450
2008-08-26,31.75,32.15,31.52,31.82,1595627
2008-08-27,31.69,32.33,31.59,32.0,980720
2008-08-28,32.17,33.18,32.02,32.97,1393750
2008-08-29,32.87,33.17,32.38,32.54,1776516
2008-09-02,32.99,33.7,32.66,33.09,1411912
2008-09-03,33.12,33.25,32.51,32.85,1119435
2008-09-04,32.54,32.79,31.76,31.77,1122542
2008-09-05,31.67,32.14,31.03,31.5,1108199
2008-09-08,31.71,32.2,31.11,32.2,1438654
2008-09-09,32.25,32.72,31.85,31.85,1166945
2008-09-10,32.12,32.12,31.57,31.6,861989
2008-09-11,31.54,32.0,31.45,31.99,876652
2008-09-12,31.76,32.77,31.76,32.48,1125803
2008-09-15,32.04,32.53,31.09,31.09,1651821
2008-09-16,32.96,32.96,30.79,31.49,1715733
2008-09-17,31.25,31.4,30.57,30.57,1831378
2008-09-18,31.35,31.82,30.51,31.46,1712866
2008-09-19,32.37,32.48,30.44,31.51,6430553
2008-09-22,31.59,31.71,30.71,30.81,1007145
2008-09-23,31.08,31.16,30.32,30.41,1147259
2008-09-24,30.33,30.87,30.05,30.23,1104923
2008-09-25,30.44,30.6,29.72,30.15,1088999
2008-09-26,29.59,30.63,29.59,30.53,818939
2008-09-29,30.12,30.96,27.59,28.0,1711608
2008-09-30,28.89,30.61,28.52,30.41,2258387
2008-10-01,30.13,30.73,29.38,29.42,1375934
2008-10-02,29.33,29.94,29.0,29.23,1142195
2008-10-03,29.46,29.82,28.51,28.87,1657340
2008-10-06,28.68,28.99,26.62,27.81,1889232
2008-10-07,29.2,29.2,26.91,26.91,1576794
2008-10-08,26.68,28.01,26.04,27.04,2765241
2008-10-09,26.36,27.29,24.96,25.03,2731838
2008-10-10,24.57,26.61,23.77,25.09,2932307
2008-10-13,26.6,26.89,25.47,26.7,2115889
2008-10-14,27.47,27.47,25.3,25.69,2184657
2008-10-15,25.56,25.98,24.42,24.85,2181453
2008-10-16,24.52,25.17,23.32,24.85,2086543
2008-10-17,24.22,25.63,23.83,24.74,1576289
2008-10-20,24.55,25.37,24.24,25.22,1621866
2008-10-21,24.76,25.48,24.28,24.29,1486175
2008-10-22,23.31,24.54,22.64,23.02,2104805
2008-10-23,23.0,23.22,21.42,22.32,2418551
2008-10-24,20.95,22.11,20.64,21.63,1933292
2008-10-27,21.35,21.67,20.87,20.96,2082818
2008-10-28,21.48,22.47,20.95,22.38,2247086
2008-10-29,22.57,23.39,21.99,22.66,1694442
2008-10-30,23.52,25.76,23.52,25.68,3156207
2008-10-31,25.45,25.75,24.68,25.33,1734682
2008-11-03,25.24,25.7,25.08,25.44,1118401
2008-11-04,26.06,26.22,25.38,25.67,1202327
2008-11-05,25.4,25.52,23.13,23.13,2591989
2008-11-06,23.1,23.78,22.62,22.74,1552736
2008-11-07,22.84,23.56,22.77,23.55,987077
2008-11-10,23.99,24.02,22.84,23.04,1004461
2008-11-11,22.91,23.12,22.01,22.44,821735
2008-11-12,22.1,22.64,21.8,21.94,1103760
2008-11-13,21.89,23.27,21.4,23.27,1512968
2008-11-14,24.31,24.31,22.0,22.04,1510420
2008-11-17,21.75,22.1,21.34,21.49,1376356
2008-11-18,21.51,21.98,21.05,21.7,1732306
2008-11-19,21.88,21.96,19.67,19.67,2300150
2008-11-20,16.74,18.75,15.75,17.5,5840465
2008-11-21,17.7,18.17,16.45,18.12,3003253
2008-11-24,18.3,18.56,17.52,18.36,1985465
2008-11-25,18.6,18.78,17.81,18.04,1926906
2008-11-26,17.77,18.83,17.55,18.8,1586906
2008-11-28,18.86,19.0,18.48,18.82,650711
2008-12-01,18.47,18.68,18.11,18.16,1860035
2008-12-02,18.32,19.11,17.96,19.07,3180147
2008-12-03,18.69,18.7,17.76,18.53,1984234
2008-12-04,18.14,18.24,17.15,17.4,1983513
2008-12-05,17.24,17.75,16.73,17.75,2717661
2008-12-08,17.93,18.4,17.51,18.32,2167078
2008-12-09,18.11,18.83,17.96,18.15,1586476
2008-12-10,18.3,18.62,18.01,18.29,786210
2008-12-11,18.3,18.74,17.92,18.02,1138441
2008-12-12,18.19,18.2,17.6,18.12,1152735
2008-12-15,18.18,18.24,17.46,17.71,1165213
2008-12-16,18.09,18.67,17.45,18.65,2466947
2008-12-17,18.4,19.06,18.27,18.66,1674505
2008-12-18,18.67,19.25,18.48,18.66,1697676
2008-12-19,19.14,19.14,18.14,18.4,2178539
2008-12-22,18.39,18.57,18.02,18.33,1002939
2008-12-23,18.43,18.69,18.04,18.14,604723
2008-12-24,18.12,18.31,18.0,18.2,366378
2008-12-26,18.26,18.49,18.05,18.25,283198
2008-12-29,18.2,18.22,17.61,17.79,936588
2008-12-30,17.77,18.25,17.58,18.24,1217490
2008-12-31,18.23,18.95,18.01,18.75,1250209
2009-01-02,18.77,19.49,18.53,19.42,1285064
2009-01-05,19.21,19.41,18.99,19.23,1537508
2009-01-06,19.45,19.61,19.14,19.45,1655713
2009-01-07,19.8,19.81,19.23,19.32,1805284
2009-01-08,19.22,19.67,19.02,19.63,922033
2009-01-09,19.61,19.68,19.01,19.38,1440505
2009-01-12,19.41,19.49,18.88,19.05,1318115
2009-01-13,19.08,19.51,18.95,19.37,1255769
2009-01-14,19.01,19.21,18.71,18.89,1617592
2009-01-15,18.91,19.25,18.56,19.15,1501564
2009-01-16,19.4,19.4,18.66,19.0,1577796
2009-01-20,18.98,19.2,17.72,17.77,2149301
2009-01-21,17.93,18.37,17.68,18.34,1467030
2009-01-22,18.0,18.27,17.58,18.16,2042514
2009-01-23,17.55,18.18,17.55,18.0,983743
2009-01-26,18.1,18.51,18.04,18.29,956519
2009-01-27,17.93,18.87,17.93,18.71,1077065
2009-01-28,18.88,19.26,18.66,19.06,1106890
2009-01-29,18.78,19.29,18.43,18.57,942861
2009-01-30,18.54,18.67,18.16,18.39,1370316
2009-02-02,18.22,18.85,18.12,18.76,1273838
2009-02-03,18.7,18.9,18.25,18.75,1104589
2009-02-04,18.43,19.38,18.43,18.96,1266254
2009-02-05,18.63,19.52,17.73,19.38,2437437
2009-02-06,19.53,20.08,19.4,19.91,2122942
2009-02-09,19.77,19.99,19.57,19.7,896313
2009-02-10,19.5,19.85,19.11,19.16,1270151
2009-02-11,19.11,19.39,19.04,19.19,1139246
2009-02-12,19.0,19.4,18.58,19.38,2136121
2009-02-13,19.45,19.61,19.26,19.4,861086
2009-02-17,18.7,18.88,18.31,18.65,1713917
2009-02-18,18.88,18.88,18.25,18.51,2192661
2009-02-19,20.71,20.98,19.9,20.41,5103348
2009-02-20,20.28,20.48,19.75,20.03,3258066
2009-02-23,20.17,20.21,19.54,19.6,2535074
2009-02-24,19.68,20.14,19.32,19.97,2465265
2009-02-25,19.83,19.94,19.25,19.61,1959603
2009-02-26,19.62,19.65,18.37,18.39,2173802
2009-02-27,18.38,18.67,18.06,18.07,2267920
2009-03-02,17.8,17.88,16.9,16.91,1916764
2009-03-03,17.12,17.34,16.62,16.95,1986786
2009-03-04,17.09,17.77,16.83,17.49,2112459
2009-03-05,17.27,17.29,16.56,16.69,2369755
2009-03-06,16.84,17.05,16.08,16.55,2346156
2009-03-09,16.49,17.0,16.22,16.37,1988518
2009-03-10,16.6,17.29,16.4,17.28,1939576
2009-03-11,17.38,17.55,16.58,16.66,1716363
2009-03-12,16.6,17.62,16.37,17.61,1798018
2009-03-13,17.34,18.04,17.25,17.99,1466799
2009-03-16,18.0,18.05,17.4,17.43,1421942
2009-03-17,17.43,18.06,17.43,17.97,1185454
2009-03-18,17.83,18.42,17.67,18.17,1363654
2009-03-19,18.19,18.34,17.92,18.05,943607
2009-03-20,18.25,18.47,17.63,17.73,1470023
2009-03-23,18.06,18.86,17.77,18.84,1374500
2009-03-24,18.68,19.08,18.55,18.86,1246779
2009-03-25,18.85,19.46,18.64,19.16,1707356
2009-03-26,19.2,19.81,19.17,19.81,1533397
2009-03-27,19.63,19.95,19.46,19.53,1163775
2009-03-30,19.25,19.25,18.81,19.15,1028048
2009-03-31,19.21,19.21,18.75,18.86,1847575
2009-04-01,18.28,18.67,18.15,18.59,1939176
2009-04-02,18.9,19.63,18.72,19.48,1762228
2009-04-03,19.47,19.47,18.64,18.76,2286173
2009-04-06,18.51,18.82,18.3,18.76,1155846
2009-04-07,18.51,18.73,18.26,18.61,1319724
2009-04-08,18.74,18.98,18.52,18.83,1155889
2009-04-09,18.83,19.87,18.82,19.87,2337927
2009-04-13,19.6,19.86,19.41,19.68,1369746
2009-04-14,19.49,19.92,19.37,19.8,1446117
2009-04-15,20.0,20.16,19.44,20.13,1448012
2009-04-16,20.39,20.91,20.08,20.82,2747606
2009-04-17,20.84,21.7,20.57,21.6,3574659
2009-04-20,21.22,21.6,20.45,20.71,2207500
2009-04-21,20.51,20.76,20.17,20.42,1862731
2009-04-22,20.77,20.77,20.18,20.33,2983459
2009-04-23,20.13,20.33,19.61,19.94,2504993
2009-04-24,20.13,20.17,19.73,19.9,2105638
2009-04-27,19.83,20.02,19.78,19.85,1698193
2009-04-28,19.66,19.87,19.55,19.66,1579718
2009-04-29,19.71,20.15,19.66,20.13,3113013
2009-04-30,20.33,20.77,20.2,20.46,2711355
2009-05-01,20.53,20.53,20.16,20.43,2000409
2009-05-04,20.49,21.53,20.34,21.51,3042086
2009-05-05,21.49,21.91,21.32,21.83,2085656
2009-05-06,21.85,22.29,21.59,21.87,1422626
2009-05-07,21.91,22.46,21.82,22.37,1715715
2009-05-08,22.45,23.17,22.17,23.08,1899692
2009-05-11,22.6,23.08,22.55,22.82,1038259
2009-05-12,22.98,23.12,22.49,22.86,1263456
2009-05-13,22.91,22.91,21.93,22.12,1544478
2009-05-14,22.24,22.43,21.98,22.25,1021726
2009-05-15,22.21,22.34,21.84,22.08,895393
2009-05-18,22.14,22.55,21.99,22.55,819564
2009-05-19,22.45,22.86,22.23,22.69,1152347
2009-05-20,22.23,23.04,22.23,22.57,1221866
2009-05-21,20.25,21.26,19.91,20.18,4474712
2009-05-22,20.18,20.38,19.95,20.09,1370905
2009-05-26,19.78,20.84,19.66,20.59,1771446
2009-05-27,20.5,20.71,20.2,20.26,1789392
2009-05-28,20.31,20.55,20.18,20.35,1513650
2009-05-29,20.39,20.6,20.2,20.59,1596830
2009-06-01,20.69,21.05,20.69,20.91,1642364
2009-06-02,20.88,21.41,20.88,21.17,1409951
2009-06-03,21.1,21.32,20.65,20.91,1036303
2009-06-04,20.86,21.03,20.32,20.54,1999005
2009-06-05,20.71,20.71,20.19,20.44,1703740
2009-06-08,20.42,20.5,20.14,20.32,1250586
2009-06-09,20.61,20.61,20.21,20.31,983439
2009-06-10,20.5,20.5,19.94,20.29,1485763
2009-06-11,20.34,20.86,20.33,20.47,1278338
2009-06-12,20.43,20.64,20.25,20.46,1379145
2009-06-15,20.26,20.34,19.75,19.77,1600924
2009-06-16,20.02,20.3,19.86,19.95,1129028
2009-06-17,20.05,20.5,20.01,20.31,1461322
2009-06-18,20.3,20.63,20.13,20.52,1170799
2009-06-19,20.74,21.06,20.58,20.84,1873587
2009-06-22,20.66,20.81,20.23,20.31,1338083
2009-06-23,20.34,20.58,20.16,20.3,1038712
2009-06-24,20.35,20.89,20.27,20.59,1796304
2009-06-25,20.49,21.08,20.37,20.98,1451408
2009-06-26,20.86,21.59,20.61,21.41,3130452
2009-06-29,20.8,21.71,20.8,21.57,1836423
2009-06-30,21.5,21.81,21.49,21.7,1687263
2009-07-01,21.82,22.14,21.64,21.99,1973916
2009-07-02,21.91,22.08,21.49,21.61,1391093
2009-07-06,21.55,21.79,21.42,21.77,1333064
2009-07-07,21.8,21.96,21.36,21.43,1873082
2009-07-08,21.66,21.81,21.08,21.21,1738372
2009-07-09,21.18,21.2,20.87,21.05,1202200
2009-07-10,20.99,21.19,20.82,21.01,1043558
2009-07-13,20.97,21.45,20.7,21.37,1296774
2009-07-14,21.3,21.55,21.18,21.44,808780
2009-07-15,21.57,21.92,21.33,21.88,1070625
2009-07-16,21.94,22.61,21.78,22.55,1599821
2009-07-17,22.63,22.64,22.23,22.32,1346087
2009-07-20,22.43,22.55,22.23,22.51,884866
2009-07-21,22.53,22.8,22.28,22.59,1087196
2009-07-22,22.54,22.71,22.33,22.37,961671
2009-07-23,22.42,23.6,22.24,23.48,2541573
2009-07-24,23.63,24.16,23.23,24.13,1838272
2009-07-27,24.05,24.45,23.84,24.37,1870193
2009-07-28,24.24,24.53,24.06,24.41,1336066
2009-07-29,24.39,24.74,24.31,24.55,1224281
2009-07-30,24.99,25.4,24.52,24.89,1598899
2009-07-31,24.91,25.47,24.86,25.36,1644146
2009-08-03,25.43,25.75,25.04,25.73,1260755
2009-08-04,25.66,25.75,25.23,25.51,1630653
2009-08-05,25.6,25.73,24.67,24.76,2511938
2009-08-06,24.76,24.98,24.47,24.64,1943518
2009-08-07,25.21,25.3,24.82,25.0,1454452
2009-08-10,24.9,25.41,24.69,25.36,1029217
2009-08-11,25.22,25.5,24.86,24.86,1360609
2009-08-12,25.54,25.63,24.82,25.46,1614872
2009-08-13,25.49,25.59,25.01,25.53,895669
2009-08-14,25.4,25.65,24.96,25.26,914102
2009-08-17,25.14,25.37,24.89,24.96,1600398
2009-08-18,25.01,25.12,24.65,25.07,976949
2009-08-19,24.91,25.45,24.68,25.39,2388747
2009-08-20,25.98,27.41,25.61,27.18,3793344
2009-08-21,27.16,27.84,27.09,27.43,1634967
2009-08-24,27.68,27.98,27.32,27.65,1364032
2009-08-25,27.35,28.0,27.35,27.69,1600743
2009-08-26,27.62,27.8,27.29,27.42,840375
2009-08-27,27.53,27.57,27.01,27.41,1109463
2009-08-28,27.39,27.51,27.06,27.26,845306
2009-08-31,27.24,27.61,26.99,27.23,1126493
2009-09-01,27.22,27.61,26.56,26.6,1595509
2009-09-02,26.47,26.66,26.36,26.56,1030149
2009-09-03,26.69,26.78,26.43,26.75,912667
2009-09-04,26.73,27.4,26.62,27.33,836262
2009-09-08,27.33,27.39,26.94,27.23,937544
2009-09-09,27.12,27.72,27.07,27.35,1188019
2009-09-10,27.35,27.61,26.97,27.55,1290830
2009-09-11,27.52,27.69,27.3,27.55,522039
2009-09-14,27.56,27.73,27.38,27.61,652434
2009-09-15,27.56,27.58,27.11,27.25,984417
2009-09-16,27.21,27.81,27.05,27.81,1435363
2009-09-17,27.87,28.34,27.75,28.01,1505768
2009-09-18,28.14,28.14,27.74,27.77,1547478
2009-09-21,27.77,27.99,27.6,27.84,747974
2009-09-22,27.87,27.87,27.51,27.73,524511
2009-09-23,27.7,27.82,27.37,27.42,629006
2009-09-24,27.54,27.6,26.97,27.2,595242
2009-09-25,27.46,27.5,26.98,27.12,594792
2009-09-28,27.2,27.79,27.18,27.6,873304
2009-09-29,27.6,27.61,27.28,27.43,811968
2009-09-30,27.39,27.46,26.93,27.25,1414587
2009-10-01,27.2,27.36,26.73,26.76,1149067
2009-10-02,26.76,26.95,26.44,26.6,838403
2009-10-05,26.53,26.71,26.23,26.63,1010571
2009-10-06,26.65,26.95,26.28,26.71,1092002
2009-10-07,26.52,26.83,26.41,26.68,706160
2009-10-08,26.82,26.93,26.69,26.79,1069813
2009-10-09,26.71,26.98,26.6,26.93,534462
2009-10-12,26.91,26.94,26.48,26.63,654660
2009-10-13,26.55,26.58,26.22,26.3,890324
2009-10-14,26.45,26.72,26.34,26.65,951369
2009-10-15,26.61,26.9,26.47,26.89,778088
2009-10-16,26.75,26.89,26.42,26.7,1010318
2009-10-19,26.84,27.2,26.66,27.15,889151
2009-10-20,27.02,27.1,26.71,26.82,763578
2009-10-21,26.88,27.46,26.79,26.87,917470
2009-10-22,26.76,27.39,26.76,27.21,707013
2009-10-23,27.17,27.22,26.73,26.84,683973
2009-10-26,26.8,27.37,26.63,26.65,823850
2009-10-27,26.74,26.83,26.37,26.65,1142283
2009-10-28,26.66,26.72,26.1,26.1,1036963
2009-10-29,26.2,26.47,26.03,26.27,1307006
2009-10-30,26.18,26.37,25.31,25.53,2279707
2009-11-02,25.51,25.99,24.37,25.72,1655085
2009-11-03,25.69,25.86,25.52,25.84,899220
2009-11-04,25.68,25.98,25.3,25.48,1134444
2009-11-05,25.64,26.15,25.5,26.07,569701
2009-11-06,26.01,26.18,25.66,25.87,853268
2009-11-09,26.03,26.19,25.78,26.12,859573
2009-11-10,26.14,26.37,26.06,26.3,862490
2009-11-11,26.35,26.43,26.0,26.25,705970
2009-11-12,26.32,26.4,25.85,25.88,1055391
2009-11-13,25.84,26.18,25.77,25.97,805452
2009-11-16,26.0,26.34,25.95,26.11,1679575
2009-11-17,26.09,26.2,25.64,25.79,1593628
2009-11-18,25.69,26.5,25.67,26.32,2010014
2009-11-19,26.21,26.66,26.02,26.21,1838541
2009-11-20,26.01,26.2,25.69,25.87,1859583
2009-11-23,26.01,26.4,26.01,26.22,1072445
2009-11-24,26.31,26.31,25.79,26.06,840920
2009-11-25,26.12,26.25,25.98,26.17,682909
2009-11-27,25.66,26.04,25.36,25.86,591798
2009-11-30,25.72,25.85,25.53,25.71,965528
2009-12-01,25.99,26.14,25.84,26.01,1053154
2009-12-02,26.05,26.59,25.88,26.33,728835
2009-12-03,26.34,26.53,25.95,25.98,960635
2009-12-04,26.13,26.42,25.99,26.36,1281032
2009-12-07,26.31,26.68,26.27,26.33,853524
2009-12-08,26.1,26.43,25.79,26.25,885642
2009-12-09,26.16,26.28,25.88,26.23,917461
2009-12-10,26.33,26.88,26.28,26.84,1711142
2009-12-11,26.92,27.11,26.7,27.08,1422609
2009-12-14,27.35,27.52,27.2,27.41,879628
2009-12-15,27.43,27.84,27.28,27.69,1069743
2009-12-16,27.73,27.9,27.46,27.5,705610
2009-12-17,27.42,27.48,27.08,27.2,781167
2009-12-18,27.17,27.17,26.74,26.98,2046325
2009-12-21,27.03,27.53,27.03,27.36,512346
2009-12-22,27.36,27.76,27.36,27.71,788272
2009-12-23,27.8,27.9,27.6,27.89,587366
2009-12-24,27.85,27.97,27.69,27.76,153369
2009-12-28,27.77,27.84,27.59,27.69,442854
2009-12-29,28.02,28.22,27.58,28.11,874599
2009-12-30,28.0,28.2,27.9,28.05,481301
2009-12-31,28.1,28.34,27.91,27.98,750816
2010-01-04,29.46,29.46,28.65,28.81,1519826
2010-01-05,28.68,28.88,28.59,28.71,1368105
2010-01-06,28.57,28.82,28.5,28.69,828192
2010-01-07,28.56,29.4,28.5,29.31,1522067
2010-01-08,29.35,30.05,29.15,29.9,1945488
2010-01-11,30.15,30.94,30.03,30.75,2374718
2010-01-12,30.6,30.71,30.0,30.13,1536933
2010-01-13,30.32,30.6,30.14,30.57,1064985
2010-01-14,30.42,30.82,30.42,30.58,830149
2010-01-15,30.7,30.7,29.72,30.01,1362129
2010-01-19,30.09,30.56,30.01,30.4,980567
2010-01-20,30.23,30.34,29.6,30.02,1611220
2010-01-21,30.38,30.38,29.46,29.59,1812035
2010-01-22,29.62,29.69,28.9,28.91,1087858
2010-01-25,29.08,29.23,28.85,29.15,713935
2010-01-26,29.07,29.34,28.93,29.06,1202704
2010-01-27,28.88,29.13,28.67,29.01,1479974
2010-01-28,29.0,29.12,28.39,28.58,1049184
2010-01-29,28.82,29.21,28.54,28.56,1888680
2010-02-01,28.74,28.84,28.39,28.79,1297947
2010-02-02,28.5,29.4,28.49,29.36,1357554
2010-02-03,29.16,29.32,29.07,29.21,1036294
2010-02-04,29.08,29.25,28.62,28.63,1667154
2010-02-05,28.71,28.76,28.06,28.58,1297490
2010-02-08,28.53,28.97,28.33,28.62,1032446
2010-02-09,28.97,29.4,28.71,29.16,1193708
2010-02-10,29.22,29.35,28.84,28.86,1577845
2010-02-11,28.77,29.02,28.46,28.96,1427656
2010-02-12,28.66,28.85,28.54,28.76,1894529
2010-02-16,28.96,29.67,28.72,29.61,1995059
2010-02-17,29.62,29.91,29.57,29.62,1543684
2010-02-18,29.67,29.71,29.18,29.54,1778639
2010-02-19,29.52,30.0,29.35,29.79,1668304
2010-02-22,29.75,30.12,29.66,30.02,1755365
2010-02-23,30.12,30.17,29.64,29.65,1423052
2010-02-24,29.86,30.27,29.86,30.09,1140829
2010-02-25,29.81,30.05,29.68,30.02,1175704
2010-02-26,29.99,30.12,29.63,29.68,1386789
2010-03-01,29.62,30.25,29.59,30.12,868613
2010-03-02,30.43,31.14,30.4,31.02,1894575
2010-03-03,31.0,31.26,30.73,30.79,1076690
2010-03-04,30.68,30.96,30.4,30.57,1046704
2010-03-05,30.61,30.81,30.51,30.77,1326749
2010-03-08,30.66,30.76,30.54,30.66,903083
2010-03-09,30.46,30.56,30.06,30.11,1379285
2010-03-10,30.07,30.31,30.06,30.2,1312873
2010-03-11,30.15,30.62,30.06,30.49,963664
2010-03-12,30.5,30.5,30.15,30.38,726917
2010-03-15,30.4,30.57,29.65,30.41,855611
2010-03-16,30.55,30.65,30.31,30.57,625852
2010-03-17,30.67,31.05,30.5,30.98,925382
2010-03-18,31.05,31.09,30.85,30.91,817941
2010-03-19,31.12,31.12,30.7,30.86,1502810
2010-03-22,30.81,31.25,30.71,31.15,1213135
2010-03-23,31.1,31.14,30.79,31.07,899821
2010-03-24,30.7,31.08,30.7,30.79,907636
2010-03-25,31.1,31.16,30.72,30.74,792213
2010-03-26,30.86,30.99,30.55,30.67,935224
2010-03-29,30.72,31.15,30.72,31.06,641730
2010-03-30,31.06,31.3,30.88,31.24,767579
2010-03-31,31.06,31.22,30.9,31.05,1023000
2010-04-05,30.94,31.05,30.63,30.98,746367
2010-04-06,30.78,31.12,30.78,31.06,1054204
2010-04-07,30.91,31.03,30.71,30.82,684153
2010-04-08,30.68,30.99,30.63,30.93,745096
2010-04-09,30.93,31.15,30.86,31.13,491714
2010-04-12,31.12,31.23,30.97,31.03,605456
2010-04-13,30.89,31.29,30.73,31.23,791009
2010-04-14,31.23,31.83,31.06,31.82,1102653
2010-04-15,31.75,31.9,31.49,31.81,868515
2010-04-16,31.79,32.11,31.75,32.02,2119252
2010-04-19,31.89,32.0,31.67,31.8,996076
2010-04-20,31.98,32.23,31.89,32.23,754902
2010-04-21,32.14,32.19,31.89,31.96,589253
2010-04-22,31.84,32.2,31.56,32.12,1054734
2010-04-23,32.24,32.84,31.96,32.78,790276
2010-04-26,32.69,32.84,32.31,32.33,717482
2010-04-27,32.22,32.53,31.85,31.89,908709
2010-04-28,32.01,32.47,32.01,32.25,950336
2010-04-29,32.42,32.81,32.21,32.63,525876
2010-04-30,32.7,32.75,31.94,31.96,883858
2010-05-03,32.02,32.22,31.81,32.0,1352665
2010-05-04,31.63,31.74,31.0,31.17,1263713
2010-05-05,31.1,31.23,30.84,31.16,1130472
2010-05-06,30.99,31.18,24.13,29.53,3224321
2010-05-07,29.59,29.89,28.9,29.5,2545313
2010-05-10,30.53,30.84,30.13,30.82,1259450
2010-05-11,30.59,31.21,30.52,30.8,845740
2010-05-12,30.87,31.4,30.61,31.4,734555
2010-05-13,31.17,31.44,30.77,30.84,1027414
2010-05-14,30.77,30.91,29.94,30.24,1019910
2010-05-17,30.35,30.54,29.77,30.37,783936
2010-05-18,30.48,30.8,29.79,29.91,1347843
2010-05-19,29.92,30.12,29.69,29.92,1163516
2010-05-20,29.38,29.93,29.21,29.35,1979275
2010-05-21,28.88,29.82,28.64,29.58,1686756
2010-05-24,29.45,29.76,29.1,29.35,970189
2010-05-25,28.83,29.29,28.46,29.23,1246165
2010-05-26,29.28,29.73,29.04,29.09,1324881
2010-05-27,29.55,30.03,29.48,30.02,995260
2010-05-28,29.93,30.0,29.54,29.74,1104461
2010-06-01,29.54,29.85,29.1,29.13,890647
2010-06-02,29.19,30.08,28.95,30.08,1213149
2010-06-03,30.04,30.53,30.0,30.46,1159591
2010-06-04,29.87,30.05,29.05,29.12,1382794
2010-06-07,29.18,29.51,28.97,29.01,802082
2010-06-08,29.19,29.28,28.67,29.0,1220872
2010-06-09,29.21,29.72,29.1,29.19,1051215
2010-06-10,29.63,29.96,29.54,29.86,742963
2010-06-11,29.53,29.99,29.53,29.95,486870
2010-06-14,30.0,30.43,29.95,30.08,612400
2010-06-15,30.25,30.59,30.15,30.56,635731
2010-06-16,30.36,30.74,30.35,30.61,741689
2010-06-17,30.58,30.71,30.22,30.48,965486
2010-06-18,30.45,30.79,30.17,30.75,1252621
2010-06-21,30.93,31.12,30.55,30.63,754691
2010-06-22,30.72,30.94,30.21,30.23,672045
2010-06-23,30.21,30.22,29.7,29.96,667763
2010-06-24,29.82,29.86,29.25,29.34,948860
2010-06-25,29.32,29.8,29.22,29.57,790085
2010-06-28,29.62,29.9,29.21,29.75,491866
2010-06-29,29.44,29.64,28.6,28.74,1023761
2010-06-30,28.69,29.03,28.48,28.53,764655
2010-07-01,28.52,28.89,27.94,28.73,2106583
2010-07-02,28.86,28.93,27.88,28.51,680562
2010-07-06,28.81,28.81,28.05,28.3,991547
2010-07-07,28.18,28.68,27.94,28.64,910303
2010-07-08,28.76,28.93,28.47,28.6,982040
2010-07-09,28.67,28.72,28.44,28.62,584997
2010-07-12,28.54,28.78,28.47,28.53,709997
2010-07-13,28.78,29.3,28.71,29.12,592353
2010-07-14,29.03,29.25,28.9,29.16,519368
2010-07-15,29.22,29.29,28.71,28.96,731860
2010-07-16,28.97,28.97,27.91,27.92,1034737
2010-07-19,27.99,28.06,27.57,27.72,883127
2010-07-20,27.35,27.63,27.15,27.61,1075226
2010-07-21,27.67,27.67,26.48,26.59,1532668
2010-07-22,26.8,27.28,26.8,26.88,1680180
2010-07-23,26.79,27.17,26.74,26.95,1120719
2010-07-26,26.9,27.46,26.9,27.29,724606
2010-07-27,27.33,27.43,26.92,27.06,869957
2010-07-28,27.08,27.09,26.55,26.59,764052
2010-07-29,26.81,27.01,25.76,26.07,1694968
2010-07-30,25.89,26.77,25.61,26.68,1334234
2010-08-02,26.92,27.56,26.87,27.41,1273704
2010-08-03,27.37,27.72,26.94,27.5,963928
2010-08-04,27.52,27.95,27.51,27.85,787508
2010-08-05,27.76,27.85,27.49,27.77,398851
2010-08-06,27.62,27.76,27.21,27.69,630898
2010-08-09,27.75,27.88,27.67,27.71,415321
2010-08-10,27.49,27.93,27.24,27.74,730765
2010-08-11,27.44,27.46,26.79,26.88,757460
2010-08-12,26.43,26.84,26.43,26.7,689946
2010-08-13,26.54,26.81,26.44,26.66,705015
2010-08-16,26.5,26.78,26.21,26.64,584259
2010-08-17,26.77,27.54,26.68,27.3,834353
2010-08-18,27.16,27.72,26.99,27.37,661366
2010-08-19,27.32,27.33,26.79,27.06,1129804
2010-08-20,26.79,27.08,26.55,26.93,1056284
2010-08-23,27.04,27.34,26.87,26.87,652439
2010-08-24,26.72,26.73,26.27,26.5,1706252
2010-08-25,26.4,26.86,26.34,26.67,1311667
2010-08-26,26.82,26.82,24.88,25.36,3456897
2010-08-27,25.37,25.66,25.0,25.39,1670107
2010-08-30,25.4,25.48,25.16,25.36,1241466
2010-08-31,25.19,25.51,25.16,25.27,1996951
2010-09-01,25.53,25.89,25.45,25.7,1165899
2010-09-02,25.75,26.2,25.55,26.19,1017960
2010-09-03,26.38,26.51,26.15,26.45,629655
2010-09-07,26.42,26.43,26.09,26.14,655227
2010-09-08,26.2,26.48,26.08,26.23,1266598
2010-09-09,26.46,26.61,26.22,26.41,760397
2010-09-10,26.38,26.7,26.25,26.62,475353
2010-09-13,26.82,27.12,26.68,26.97,914966
2010-09-14,26.9,27.27,26.76,27.11,792423
2010-09-15,26.92,27.62,26.87,27.54,865319
2010-09-16,27.42,27.7,27.21,27.62,903954
2010-09-17,27.72,27.8,27.08,27.15,2269067
2010-09-20,27.19,27.81,27.16,27.76,903590
2010-09-21,27.66,28.16,27.66,27.95,1172255
2010-09-22,28.0,28.28,27.59,27.77,833382
2010-09-23,27.59,27.81,27.4,27.46,642178
2010-09-24,27.81,28.16,27.5,28.1,1202795
2010-09-27,28.03,28.14,27.78,28.03,627979
2010-09-28,28.18,28.4,27.79,28.34,864324
2010-09-29,28.28,28.59,28.06,28.45,1059798
2010-09-30,28.74,29.02,28.47,28.65,1033856
2010-10-01,28.95,28.95,28.41,28.64,1047049
2010-10-04,28.55,28.58,27.85,27.97,846463
2010-10-05,28.26,28.68,28.25,28.63,832324
2010-10-06,28.52,28.58,28.1,28.31,590202
2010-10-07,28.38,28.52,28.05,28.4,683300
2010-10-08,28.39,28.71,28.27,28.62,586919
2010-10-11,28.54,28.6,28.27,28.4,654156
2010-10-12,28.29,28.39,27.94,28.29,606836
2010-10-13,28.33,28.51,28.15,28.41,485668
2010-10-14,28.38,28.6,28.21,28.35,772803
2010-10-15,28.58,28.58,28.22,28.5,836729
2010-10-18,28.63,28.69,28.3,28.36,841000
2010-10-19,28.08,28.33,27.35,27.48,2278540
2010-10-20,27.58,27.79,27.46,27.65,1438777
2010-10-21,27.68,27.98,27.44,27.73,792882
2010-10-22,27.86,27.93,27.66,27.92,676287
2010-10-25,28.16,28.26,27.82,27.88,680348
2010-10-26,27.72,28.11,27.69,27.88,668992
2010-10-27,27.62,27.8,27.4,27.78,534349
2010-10-28,27.89,27.93,27.35,27.65,987983
2010-10-29,27.54,27.66,27.22,27.65,742120
2010-11-01,27.84,28.09,27.54,27.77,678231
2010-11-02,27.98,28.14,27.86,28.07,416386
2010-11-03,28.07,28.16,27.81,27.97,512815
2010-11-04,28.25,28.46,28.1,28.2,550590
2010-11-05,28.19,28.44,28.11,28.29,691548
2010-11-08,28.12,28.39,28.05,28.16,339893
2010-11-09,28.15,28.41,28.05,28.22,595301
2010-11-10,28.26,28.54,28.02,28.52,1057390
2010-11-11,28.28,29.0,28.23,28.91,1020645
2010-11-12,28.73,28.83,28.4,28.61,1074350
2010-11-15,28.67,28.81,28.46,28.49,642963
2010-11-16,28.27,28.45,27.95,28.11,992963
2010-11-17,28.07,28.28,27.85,28.23,966445
2010-11-18,28.5,28.85,28.4,28.56,975370
2010-11-19,28.49,28.68,28.34,28.67,898232
2010-11-22,28.54,29.14,28.26,29.06,1034835
2010-11-23,28.88,29.59,28.45,29.04,1543872
2010-11-24,29.99,30.48,29.5,30.19,1535166
2010-11-26,30.02,30.38,29.88,30.1,391692
2010-11-29,29.82,30.01,29.43,29.83,1790919
2010-11-30,29.53,29.88,29.53,29.73,1367593
2010-12-01,30.02,30.5,30.02,30.25,1227429
2010-12-02,30.16,30.58,30.07,30.4,1233891
2010-12-03,30.31,30.56,30.18,30.52,831627
2010-12-06,30.38,30.49,29.98,30.02,865879
2010-12-07,30.24,30.29,29.92,29.98,783693
2010-12-08,30.08,30.13,29.57,29.65,1194819
2010-12-09,29.71,30.02,29.53,29.61,938334
2010-12-10,29.75,30.05,29.46,29.75,1368992
2010-12-13,29.76,29.86,29.46,29.66,1065647
2010-12-14,29.81,30.41,29.78,30.14,704054
2010-12-15,30.12,30.54,30.07,30.28,1178539
2010-12-16,30.23,30.97,30.18,30.92,822579
2010-12-17,30.85,31.09,30.36,30.89,3690034
2010-12-20,31.09,31.16,30.81,30.98,965938
2010-12-21,31.16,31.21,30.87,31.02,584378
2010-12-22,31.09,31.09,30.94,31.0,857427
2010-12-23,30.92,31.03,30.71,30.8,321356
2010-12-27,30.59,30.74,30.51,30.63,325540
2010-12-28,30.79,30.97,30.42,30.86,946295
2010-12-29,30.89,30.96,30.63,30.89,522568
2010-12-30,30.92,30.95,30.61,30.78,419791
2010-12-31,30.69,30.89,30.55,30.63,554722
2011-01-03,30.88,31.31,30.76,30.99,808994
2011-01-04,30.98,31.11,30.87,31.02,942952
2011-01-05,30.86,31.05,30.78,31.02,486035
2011-01-06,30.96,31.21,30.96,31.11,652735
2011-01-07,31.02,31.15,30.92,31.09,1275504
2011-01-10,30.91,31.29,30.86,31.21,798198
2011-01-11,31.26,31.59,31.22,31.44,597947
2011-01-12,31.6,31.71,31.43,31.49,876721
2011-01-13,31.4,31.59,31.35,31.48,535224
2011-01-14,31.39,31.51,31.27,31.4,724633
2011-01-18,31.38,31.66,31.37,31.65,509317
2011-01-19,31.59,31.66,31.29,31.39,558672
2011-01-20,31.47,31.53,31.23,31.27,544320
2011-01-21,31.49,31.67,31.12,31.54,570267
2011-01-24,31.48,31.68,31.48,31.6,494606
2011-01-25,32.0,33.08,31.93,32.8,1520761
2011-01-26,32.88,33.2,32.77,32.95,1082449
2011-01-27,32.86,33.18,32.83,33.12,580175
2011-01-28,33.18,33.29,32.83,32.98,1043089
2011-01-31,33.0,33.14,32.82,33.06,754646
2011-02-01,33.15,33.42,33.0,33.32,713268
2011-02-02,33.23,33.48,33.07,33.27,881848
2011-02-03,33.06,33.33,32.9,33.18,1742877
2011-02-04,33.3,33.72,33.23,33.39,1072649
2011-02-07,33.39,33.78,33.39,33.63,690357
2011-02-08,33.67,33.97,33.66,33.75,624961
2011-02-09,33.64,33.78,33.5,33.72,340327
2011-02-10,33.5,33.82,33.46,33.7,690514
2011-02-11,33.57,33.96,33.57,33.93,380575
2011-02-14,33.88,34.0,33.83,33.89,267839
2011-02-15,33.77,33.96,33.66,33.96,322867
2011-02-16,34.01,34.34,33.9,34.16,361452
2011-02-17,34.13,34.4,34.04,34.36,400533
2011-02-18,30.93,33.98,30.42,33.85,7235683
2011-02-22,32.92,32.98,31.99,32.18,2634874
2011-02-23,32.12,32.85,32.1,32.74,1634149
2011-02-24,32.45,33.14,32.29,32.64,1464678
2011-02-25,32.69,33.09,32.5,33.09,943225
2011-02-28,33.65,34.05,33.21,33.38,1023415
2011-03-01,33.61,33.8,32.94,32.94,1050972
2011-03-02,33.0,33.22,32.84,32.92,878039
2011-03-03,33.1,33.51,33.1,33.36,777649
2011-03-04,33.29,33.41,32.79,33.24,650666
2011-03-07,33.24,33.56,32.87,32.93,1488511
2011-03-08,32.91,33.45,32.8,33.4,646188
2011-03-09,33.35,33.35,32.8,32.87,914294
2011-03-10,32.59,32.67,32.23,32.43,1278681
2011-03-11,32.32,32.6,32.01,32.02,1069260
2011-03-14,31.78,32.02,31.47,31.69,1099439
2011-03-15,31.07,31.64,30.88,31.42,688884
2011-03-16,31.46,31.76,31.24,31.42,1146641
2011-03-17,31.79,31.91,31.47,31.57,894614
2011-03-18,31.85,31.97,31.35,31.57,1297789
2011-03-21,31.86,32.27,31.72,31.75,510252
2011-03-22,31.7,31.81,31.3,31.44,931407
2011-03-23,31.36,31.4,30.95,31.28,575054
2011-03-24,31.4,31.61,31.23,31.53,595136
2011-03-25,31.59,31.64,31.33,31.5,432517
2011-03-28,31.48,32.02,31.48,31.81,852831
2011-03-29,31.77,32.14,31.77,32.07,753280
2011-03-30,32.14,32.28,32.11,32.15,520455
2011-03-31,32.08,32.28,32.08,32.19,688460
2011-04-01,32.43,33.04,32.27,32.85,1113622
2011-04-04,32.95,33.07,32.87,32.98,831865
2011-04-05,32.96,33.15,32.9,33.06,524540
2011-04-06,33.13,33.41,33.07,33.3,481377
2011-04-07,33.11,33.41,33.08,33.32,735435
2011-04-08,33.29,33.44,32.88,33.01,449274
2011-04-11,33.0,33.18,32.95,33.07,358204
2011-04-12,33.07,33.29,32.94,32.95,445083
2011-04-13,33.17,33.36,33.0,33.18,656338
2011-04-14,32.94,33.38,32.89,33.28,565852
2011-04-15,33.37,33.67,33.14,33.4,531987
2011-04-18,33.05,33.09,32.55,32.9,590833
2011-04-19,33.13,33.19,32.74,33.08,424928
2011-04-20,33.46,33.53,33.26,33.41,452339
2011-04-21,33.63,33.94,33.53,33.91,386418
2011-04-25,33.66,33.98,33.51,33.74,359242
2011-04-26,33.8,34.02,33.7,33.8,553721
2011-04-27,33.78,34.27,33.75,34.02,815710
2011-04-28,34.02,34.66,34.02,34.56,714233
2011-04-29,34.5,34.8,34.48,34.71,476072
2011-05-02,34.81,35.62,34.66,35.41,1064852
2011-05-03,35.3,35.43,34.92,35.21,573156
2011-05-04,35.28,35.29,34.93,35.04,616823
2011-05-05,34.88,35.11,34.61,34.75,464072
2011-05-06,35.12,35.26,34.72,35.05,579003
2011-05-09,35.05,35.56,35.0,35.54,327440
2011-05-10,35.67,35.99,35.45,35.7,510816
2011-05-11,35.65,35.91,35.33,35.52,351382
2011-05-12,35.45,35.99,35.35,35.89,423483
2011-05-13,35.96,35.99,35.5,35.64,583584
2011-05-16,35.51,36.07,35.5,35.89,728007
2011-05-17,35.83,36.43,35.79,36.2,1468379
2011-05-18,36.28,36.75,36.12,36.72,470956
2011-05-19,36.87,36.93,36.45,36.8,639177
2011-05-20,36.29,36.29,35.68,35.79,904662
2011-05-23,35.45,35.47,34.92,35.47,830383
2011-05-24,35.43,35.49,35.16,35.23,611894
2011-05-25,35.1,35.34,35.08,35.13,903884
2011-05-26,35.18,35.4,34.52,35.11,1244705
2011-05-27,35.09,35.16,35.01,35.1,864317
2011-05-31,35.04,35.1,34.03,34.58,1688163
2011-06-01,34.55,34.61,33.77,33.84,1347335
2011-06-02,33.84,33.91,33.28,33.36,1011906
2011-06-03,33.15,33.16,32.72,32.77,895118
2011-06-06,32.58,32.76,32.23,32.31,731161
2011-06-07,32.47,32.49,32.15,32.17,812394
2011-06-08,32.12,32.12,31.69,31.72,1315465
2011-06-09,31.9,32.67,31.77,32.53,1124931
2011-06-10,32.31,32.62,32.0,32.09,1114297
2011-06-13,32.15,32.35,31.86,32.1,794782
2011-06-14,32.23,32.77,32.07,32.47,866241
2011-06-15,32.17,32.62,31.75,31.76,1225091
2011-06-16,31.83,32.11,31.78,32.04,816299
2011-06-17,32.3,32.31,31.89,31.95,564533
2011-06-20,31.81,32.17,31.81,32.15,523539
2011-06-21,32.27,32.81,32.16,32.81,1123559
2011-06-22,32.65,32.73,32.24,32.29,793035
2011-06-23,31.87,32.2,31.53,32.17,927684
2011-06-24,32.07,32.17,31.56,31.64,1903325
2011-06-27,31.77,32.15,31.58,32.07,872682
2011-06-28,32.05,32.59,32.05,32.52,555976
2011-06-29,32.56,32.72,32.39,32.56,691668
2011-06-30,32.7,32.96,32.65,32.89,500574
2011-07-01,32.83,33.81,32.74,33.77,903770
2011-07-05,33.7,33.78,33.53,33.7,777517
2011-07-06,33.72,34.07,33.6,33.83,816582
2011-07-07,33.99,34.08,33.73,34.04,457586
2011-07-08,33.64,33.91,33.37,33.55,561800
2011-07-11,33.14,33.25,32.78,32.85,374700
2011-07-12,32.78,33.32,32.73,33.04,590428
2011-07-13,33.16,33.63,33.09,33.28,407475
2011-07-14,33.32,33.46,32.78,32.82,378650
2011-07-15,32.98,32.98,32.49,32.81,501520
2011-07-18,32.62,32.76,32.07,32.19,363610
2011-07-19,32.3,32.36,32.0,32.31,737480
2011-07-20,32.57,32.57,31.95,32.3,776608
2011-07-21,32.54,32.88,32.3,32.76,411469
2011-07-22,32.8,32.8,32.53,32.75,363622
2011-07-25,32.42,32.66,32.33,32.5,367857
2011-07-26,32.42,32.47,31.66,31.74,518263
2011-07-27,31.54,31.69,30.77,30.84,926812
2011-07-28,30.74,31.11,30.74,30.83,603526
2011-07-29,30.54,31.0,30.43,30.84,790993
2011-08-01,31.07,31.07,29.31,29.95,1549749
2011-08-02,29.77,29.65,28.75,29.05,1520582
2011-08-03,29.04,29.65,28.75,29.3,1512903
2011-08-04,28.91,29.09,28.34,28.39,1912678
2011-08-05,28.82,29.64,28.24,29.04,1982046
2011-08-08,28.46,28.81,27.5,27.51,2737829
2011-08-09,27.69,28.43,26.66,28.38,2817583
2011-08-10,27.87,28.11,27.12,27.15,1553814
2011-08-11,27.23,28.86,27.17,28.56,1078095
2011-08-12,28.67,29.1,28.3,29.04,1335945
2011-08-15,29.15,29.6,29.02,29.58,530022
2011-08-16,29.21,29.48,29.0,29.21,1830373
2011-08-17,29.36,29.42,28.91,29.3,1218073
2011-08-18,28.55,28.67,27.67,27.9,828837
2011-08-19,27.58,28.38,27.44,27.81,936128
2011-08-22,28.28,28.37,27.62,27.71,710253
2011-08-23,27.74,29.11,27.55,29.02,940978
2011-08-24,28.91,29.96,28.89,29.91,1248207
2011-08-25,29.59,29.6,26.28,26.87,4070397
2011-08-26,26.19,27.26,26.19,27.25,3143266
2011-08-29,27.45,28.56,27.42,28.53,1285891
2011-08-30,28.4,28.96,28.0,28.73,990210
2011-08-31,28.96,29.47,28.87,29.22,1349884
2011-09-01,29.25,29.58,28.96,29.12,848675
2011-09-02,28.37,28.69,28.0,28.12,1520555
2011-09-06,27.31,27.79,27.09,27.71,860552
2011-09-07,28.12,28.69,27.93,28.68,626693
2011-09-08,28.57,28.9,28.19,28.33,547348
2011-09-09,27.9,28.01,27.05,27.2,1177281
2011-09-12,26.83,27.24,26.68,27.16,1344563
2011-09-13,27.27,27.45,26.87,27.36,2363250
2011-09-14,27.53,28.31,27.02,27.93,1302087
2011-09-15,28.18,28.25,27.31,27.74,1235977
2011-09-16,27.9,28.39,27.7,28.03,1439288
2011-09-19,27.61,28.09,27.32,27.94,1064776
2011-09-20,28.0,28.62,27.94,28.43,1001700
2011-09-21,28.61,28.65,27.9,28.14,1730908
2011-09-22,27.26,27.94,26.92,27.57,2133862
2011-09-23,27.42,28.17,27.38,27.98,1049190
2011-09-26,28.23,28.5,27.73,28.47,925668
2011-09-27,29.04,30.18,28.93,29.76,1465783
2011-09-28,29.86,29.99,28.83,28.85,1032159
2011-09-29,29.3,29.71,28.8,29.21,915397
2011-09-30,28.95,29.38,28.62,28.63,1216889
2011-10-03,28.59,28.59,27.32,27.36,1295117
2011-10-04,26.92,28.0,26.81,27.98,1377214
2011-10-05,27.99,28.52,27.59,28.45,1065004
2011-10-06,28.26,28.75,27.82,28.74,811776
2011-10-07,28.87,28.89,28.28,28.47,878268
2011-10-10,28.86,29.55,28.83,29.5,810918
2011-10-11,29.35,29.66,29.24,29.38,857476
2011-10-12,29.57,29.74,29.16,29.29,1032874
2011-10-13,29.11,29.19,28.38,28.85,1317597
2011-10-14,29.18,29.34,28.94,29.2,665015
2011-10-17,29.08,29.13,28.42,28.5,714343
2011-10-18,28.45,29.17,28.18,28.77,887611
2011-10-19,28.85,29.31,28.59,28.88,802298
2011-10-20,28.94,29.13,28.59,29.02,841969
2011-10-21,29.35,30.3,29.25,30.14,1307231
2011-10-24,30.09,31.21,30.04,31.07,919083
2011-10-25,30.66,31.16,30.5,30.58,700411
2011-10-26,31.01,31.23,30.43,30.87,1076992
2011-10-27,31.69,32.5,31.64,32.33,1493882
2011-10-28,32.2,32.66,32.02,32.44,1229685
2011-10-31,32.12,32.12,31.45,31.47,801110
2011-11-01,30.2,30.2,29.15,29.27,1990542
2011-11-02,29.74,30.14,29.64,29.99,828373
2011-11-03,30.34,30.35,29.85,30.25,663809
2011-11-04,30.14,30.24,29.73,30.03,711570
2011-11-07,29.98,30.39,29.51,30.32,694364
2011-11-08,30.49,31.0,30.35,30.97,636936
2011-11-09,30.23,30.44,29.14,29.55,1189228
2011-11-10,29.94,30.21,29.64,29.91,657896
2011-11-11,30.23,30.61,29.98,30.01,944203
2011-11-14,29.85,30.24,29.73,29.93,939055
2011-11-15,29.77,30.4,29.77,30.22,778052
2011-11-16,29.86,30.39,29.63,29.71,1081416
2011-11-17,29.65,29.92,29.23,29.39,1242959
2011-11-18,29.67,29.67,28.44,29.02,1360027
2011-11-21,28.48,29.41,28.48,29.32,1379875
2011-11-22,27.9,28.84,27.48,28.37,1942800
2011-11-23,27.58,28.3,27.56,28.08,1382982
2011-11-25,28.08,28.67,27.97,28.09,479948
2011-11-28,28.8,29.11,28.55,29.11,1213062
2011-11-29,29.13,29.41,28.71,28.73,1122875
2011-11-30,29.8,30.23,29.59,30.17,1309455
2011-12-01,30.21,30.9,30.16,30.55,905669
2011-12-02,30.78,30.95,30.02,30.13,702422
2011-12-05,30.58,30.77,30.2,30.39,559201
2011-12-06,30.42,30.48,30.02,30.25,540060
2011-12-07,30.17,30.24,29.7,30.04,740229
2011-12-08,29.93,29.93,29.18,29.21,979840
2011-12-09,29.38,29.57,29.22,29.34,1343875
2011-12-12,29.14,29.22,28.78,28.9,785447
2011-12-13,28.99,29.24,28.54,28.72,1103679
2011-12-14,28.64,28.67,28.27,28.49,806820
2011-12-15,28.96,29.12,28.46,28.57,399245
2011-12-16,28.76,28.86,28.51,28.55,1121656
2011-12-19,28.5,28.65,28.16,28.22,920416
2011-12-20,28.61,29.32,28.56,28.99,593714
2011-12-21,28.96,29.09,28.62,29.05,812512
2011-12-22,29.08,29.5,29.05,29.39,528613
2011-12-23,29.5,29.6,29.39,29.56,276123
2011-12-27,29.51,29.98,29.51,29.84,447438
2011-12-28,29.79,29.96,29.58,29.64,1038784
2011-12-29,29.72,30.0,29.64,29.74,539513
2011-12-30,29.79,29.85,29.52,29.52,249351
2012-01-03,29.96,30.18,29.73,30.0,664909
2012-01-04,29.87,29.9,29.42,29.49,487884
2012-01-05,29.28,29.45,29.0,29.33,1097375
2012-01-06,29.38,29.54,29.14,29.51,239700
2012-01-09,29.5,29.67,29.31,29.6,473004
2012-01-10,29.82,29.93,29.62,29.67,459353
2012-01-11,29.66,30.48,29.53,30.43,819256
2012-01-12,30.55,31.1,30.54,31.0,989197
2012-01-13,30.73,30.96,30.19,30.26,1036001
2012-01-17,30.56,30.92,30.4,30.48,766889
2012-01-18,29.85,30.95,29.25,30.37,1659598
2012-01-19,30.43,31.26,30.37,31.08,880562
2012-01-20,31.18,31.57,31.07,31.36,852804
2012-01-23,31.49,31.86,31.38,31.61,685319
2012-01-24,31.53,32.09,31.22,31.97,652698
2012-01-25,31.9,32.36,31.52,32.1,1415557
2012-01-26,32.18,32.26,31.98,32.09,572545
2012-01-27,32.02,32.27,31.88,32.13,477766
2012-01-30,31.89,32.02,31.62,31.92,379578
2012-01-31,32.12,32.49,31.91,32.19,428142
2012-02-01,32.5,32.68,32.4,32.55,865997
2012-02-02,32.54,32.54,32.19,32.31,270128
2012-02-03,32.69,32.88,32.59,32.64,629486
2012-02-06,32.45,32.5,32.27,32.36,458502
2012-02-07,32.29,32.45,32.16,32.34,356391
2012-02-08,32.3,32.44,32.13,32.22,445895
2012-02-09,32.25,32.3,32.02,32.09,492818
2012-02-10,31.85,32.01,31.61,31.82,539915
2012-02-13,32.04,32.13,31.89,32.0,533502
2012-02-14,32.07,32.53,32.07,32.44,685364
2012-02-15,32.56,32.64,32.4,32.57,476679
2012-02-16,32.6,33.28,32.6,33.23,650652
2012-02-17,33.35,33.51,32.9,33.04,519557
2012-02-21,33.1,33.46,32.88,33.04,385626
2012-02-22,33.1,33.21,32.7,32.8,521593
2012-02-23,31.79,33.36,31.48,32.19,1163004
2012-02-24,32.17,32.5,32.01,32.14,763337
2012-02-27,32.05,32.29,31.83,32.06,509356
2012-02-28,32.11,32.49,32.11,32.26,472940
2012-02-29,32.26,32.44,31.81,31.92,637222
2012-03-01,31.94,32.0,31.34,31.43,1070284
2012-03-02,31.43,31.68,30.95,31.03,924716
2012-03-05,31.07,31.31,30.73,30.81,1175746
2012-03-06,30.66,30.71,30.47,30.58,493729
2012-03-07,30.59,30.74,30.45,30.54,476266
2012-03-08,30.81,31.01,30.72,30.96,875206
2012-03-09,30.96,31.12,30.91,31.04,1115605
2012-03-12,30.93,31.18,30.8,31.0,879198
2012-03-13,31.11,31.53,31.05,31.49,1183862
2012-03-14,31.54,32.11,31.5,32.05,1019847
2012-03-15,32.14,32.32,31.94,32.27,647684
2012-03-16,32.38,32.49,32.29,32.36,774826
2012-03-19,32.21,32.49,32.19,32.34,518927
2012-03-20,32.28,32.32,32.01,32.07,406918
2012-03-21,32.09,32.16,31.93,32.0,506311
2012-03-22,31.74,32.02,31.65,31.8,374378
2012-03-23,31.77,31.89,31.67,31.75,354615
2012-03-26,31.94,32.58,31.94,32.54,761707
2012-03-27,32.6,32.78,32.39,32.61,478119
2012-03-28,32.58,33.11,32.58,33.01,879373
2012-03-29,32.8,33.06,32.55,32.94,845857
2012-03-30,33.12,33.5,32.98,33.4,1227169
2012-04-02,33.41,33.57,33.2,33.48,640170
2012-04-03,33.43,33.61,33.13,33.29,449199
2012-04-04,32.95,33.19,32.92,32.97,519435
2012-04-05,32.83,33.04,32.71,33.01,432860
2012-04-09,32.47,32.56,32.3,32.52,496781
2012-04-10,32.61,32.81,32.18,32.18,867312
2012-04-11,32.4,32.65,32.32,32.53,660453
2012-04-12,32.63,33.21,32.62,33.08,556660
2012-04-13,32.95,33.13,32.74,32.89,751130
2012-04-16,33.0,33.0,32.55,32.61,475837
2012-04-17,32.87,33.26,32.71,33.15,696452
2012-04-18,33.1,33.25,33.02,33.21,504510
2012-04-19,33.22,33.26,32.77,32.84,502248
2012-04-20,32.95,33.18,32.77,32.94,469518
2012-04-23,32.64,32.71,32.2,32.41,527564
2012-04-24,32.5,32.7,32.27,32.52,442890
2012-04-25,32.8,33.06,32.65,32.91,527612
2012-04-26,33.06,33.24,32.85,33.22,599422
2012-04-27,33.32,34.03,33.32,33.99,1149081
2012-04-30,33.85,34.22,33.85,34.09,979277
2012-05-01,33.98,34.63,33.78,34.52,1089608
2012-05-02,34.48,34.53,34.24,34.46,795419
2012-05-03,34.4,34.55,34.21,34.29,672449
2012-05-04,34.07,34.14,33.54,33.55,673876
2012-05-07,33.35,33.65,33.35,33.5,433632
2012-05-08,33.29,33.84,33.24,33.82,764348
2012-05-09,33.49,33.94,32.59,33.69,617214
2012-05-10,33.88,33.98,33.43,33.52,501492
2012-05-11,33.4,33.82,33.21,33.51,341502
2012-05-14,33.2,33.44,33.0,33.23,374891
2012-05-15,33.34,33.47,33.15,33.46,513299
2012-05-16,33.62,33.67,33.4,33.53,574144
2012-05-17,33.45,33.66,32.78,32.79,591338
2012-05-18,32.9,32.9,30.82,32.25,649551
2012-05-21,32.34,32.69,32.0,32.67,547854
2012-05-22,32.78,33.0,32.45,32.65,349938
2012-05-23,32.41,32.71,32.13,32.67,779935
2012-05-24,33.41,34.06,33.0,33.45,1260026
2012-05-25,33.68,34.07,33.61,34.04,745391
2012-05-29,34.22,34.42,33.9,34.34,791947
2012-05-30,33.99,34.12,33.66,33.74,842319
2012-05-31,33.56,33.75,32.97,33.24,1476848
2012-06-01,32.66,32.83,32.5,32.6,622404
2012-06-04,32.64,32.76,32.16,32.39,547308
2012-06-05,32.33,32.8,32.21,32.76,531380
2012-06-06,32.9,32.99,32.69,32.98,676728
2012-06-07,33.27,33.35,32.85,32.91,473090
2012-06-08,32.73,33.25,32.7,33.19,360191
2012-06-11,33.44,33.44,32.76,32.81,491540
2012-06-12,32.84,33.04,32.59,33.04,376820
2012-06-13,32.82,33.07,32.64,32.77,950422
2012-06-14,32.85,33.02,32.54,32.74,781324
2012-06-15,32.65,33.08,32.64,33.02,1093363
2012-06-18,33.01,34.0,32.92,33.84,659848
2012-06-19,34.0,34.41,33.91,34.26,318180
2012-06-20,34.34,34.41,33.86,34.22,347496
2012-06-21,34.23,34.41,33.57,33.6,462786
2012-06-22,33.75,34.21,33.54,34.05,1554387
2012-06-25,33.6,33.76,33.25,33.29,649643
2012-06-26,33.3,33.4,32.98,33.08,839227
2012-06-27,33.18,33.98,33.1,33.65,327975
2012-06-28,33.51,33.8,33.28,33.61,483109
2012-06-29,34.29,34.7,33.97,34.47,542970
2012-07-02,35.0,35.06,34.45,34.89,902139
2012-07-03,34.89,35.66,34.89,35.17,960812
2012-07-05,35.1,35.28,34.9,35.26,538930
2012-07-06,35.1,35.1,34.55,34.86,451732
2012-07-09,34.82,34.94,34.41,34.87,518113
2012-07-10,34.98,35.19,34.52,34.69,537777
2012-07-11,34.66,34.93,34.5,34.86,361761
2012-07-12,34.51,34.63,33.92,34.25,584380
2012-07-13,34.29,34.57,34.15,34.51,358125
2012-07-16,34.41,34.48,34.1,34.37,432595
2012-07-17,34.55,34.95,34.1,34.87,473326
2012-07-18,34.73,35.25,34.66,35.02,549253
2012-07-19,34.93,35.17,34.77,35.05,316729
2012-07-20,34.95,35.01,34.58,34.77,661385
2012-07-23,34.27,34.27,33.77,34.06,310308
2012-07-24,34.05,34.14,33.16,33.45,360543
2012-07-25,33.58,34.01,33.23,33.97,418922
2012-07-26,34.32,34.51,34.05,34.32,466763
2012-07-27,34.64,35.29,34.44,35.24,625480
2012-07-30,35.21,35.45,34.93,35.08,322931
2012-07-31,35.02,35.02,34.06,34.1,868964
2012-08-01,34.33,34.55,33.69,33.91,614065
2012-08-02,33.76,33.77,33.16,33.7,805967
2012-08-03,34.22,34.61,34.09,34.44,356374
2012-08-06,34.63,34.81,34.47,34.67,397472
2012-08-07,34.74,35.16,34.74,34.83,446333
2012-08-08,34.75,34.86,34.64,34.78,489294
2012-08-09,34.76,34.93,34.46,34.49,402512
2012-08-10,34.55,35.42,34.42,35.37,766458
2012-08-13,35.3,35.47,35.11,35.36,409573
2012-08-14,35.43,35.56,35.27,35.37,378505
2012-08-15,35.39,35.88,35.39,35.76,321077
2012-08-16,35.74,35.99,35.5,35.91,242295
2012-08-17,35.87,36.15,35.69,36.13,413167
2012-08-20,36.12,36.38,36.02,36.17,411428
2012-08-21,36.19,36.42,35.96,36.12,595098
2012-08-22,36.08,36.27,35.71,35.91,549064
2012-08-23,33.12,34.8,33.12,34.15,2509986
2012-08-24,34.05,34.3,33.88,34.06,782173
2012-08-27,34.26,34.35,34.02,34.15,531372
2012-08-28,34.13,34.27,33.95,34.06,347312
2012-08-29,34.05,34.47,34.0,34.36,359532
2012-08-30,34.13,34.25,33.91,34.03,289226
2012-08-31,34.21,34.45,33.91,33.97,562704
2012-09-04,33.87,34.15,33.72,33.9,774241
2012-09-05,34.04,34.16,33.64,33.93,622146
2012-09-06,34.07,34.54,33.88,34.41,730694
2012-09-07,34.4,34.43,34.16,34.24,685403
2012-09-10,34.14,34.4,34.05,34.18,527617
2012-09-11,34.24,34.41,34.24,34.34,594595
2012-09-12,34.36,34.63,34.33,34.46,533326
2012-09-13,34.53,34.68,34.35,34.55,833182
2012-09-14,34.65,34.75,34.32,34.39,772768
2012-09-17,34.58,34.75,34.27,34.33,592149
2012-09-18,34.35,34.54,34.2,34.4,552666
2012-09-19,34.35,34.48,34.17,34.19,680738
2012-09-20,34.34,34.84,34.14,34.82,1004232
2012-09-21,34.98,35.27,34.91,35.07,763569
2012-09-24,34.86,35.27,34.82,35.11,447501
2012-09-25,35.02,35.18,34.87,34.88,406454
2012-09-26,34.85,34.92,34.38,34.42,384188
2012-09-27,34.38,34.64,34.2,34.61,493185
2012-09-28,34.44,34.54,34.16,34.24,556064
2012-10-01,34.4,34.66,34.21,34.27,575805
2012-10-02,34.29,34.48,34.04,34.27,581207
2012-10-03,34.33,34.62,34.06,34.58,678509
2012-10-04,34.7,35.22,34.33,35.22,905160
2012-10-05,35.31,35.67,35.3,35.39,844735
2012-10-08,35.28,35.69,35.23,35.66,584246
2012-10-09,35.43,35.46,34.66,34.69,555495
2012-10-10,34.61,34.79,34.27,34.44,518618
2012-10-11,34.7,35.02,34.58,34.68,263370
2012-10-12,34.81,34.9,34.29,34.34,267918
2012-10-15,34.35,34.64,34.34,34.59,354585
2012-10-16,34.8,34.99,34.44,34.69,584721
2012-10-17,34.74,34.76,34.29,34.4,425878
2012-10-18,34.06,34.06,32.68,33.92,2136714
2012-10-19,33.73,33.78,33.29,33.49,782727
2012-10-22,33.4,33.84,33.38,33.58,577529
2012-10-23,33.27,33.44,33.02,33.29,646911
2012-10-24,33.47,33.55,33.22,33.47,444876
2012-10-25,33.78,34.14,33.65,33.68,541367
2012-10-26,33.63,34.12,33.44,33.49,766557
2012-10-31,33.72,33.88,33.32,33.4,484467
2012-11-01,33.46,34.01,33.39,34.0,854012
2012-11-02,34.25,34.42,33.87,33.88,1143573
2012-11-05,33.71,34.43,33.7,34.38,406821
2012-11-06,34.36,35.07,34.34,34.86,631676
2012-11-07,34.67,34.75,34.1,34.43,722987
2012-11-08,34.32,34.62,34.11,34.11,597453
2012-11-09,34.08,34.58,34.05,34.24,369063
2012-11-12,34.28,34.3,34.06,34.21,455885
2012-11-13,34.21,34.69,34.21,34.35,398020
2012-11-14,34.47,34.89,34.01,34.06,534127
2012-11-15,34.06,34.61,33.64,34.57,847347
2012-11-16,34.83,35.54,34.3,35.25,1175012
2012-11-19,35.6,36.06,35.5,36.02,916308
2012-11-20,32.83,34.08,31.36,32.99,3247815
2012-11-21,33.11,33.74,32.87,33.5,1016112
2012-11-23,33.57,33.83,33.48,33.83,343443
2012-11-26,33.8,33.81,33.45,33.63,628660
2012-11-27,33.74,33.87,33.46,33.64,741891
2012-11-28,33.52,33.79,33.47,33.68,370112
2012-11-29,33.83,34.0,33.56,33.6,443242
2012-11-30,33.75,34.1,33.51,34.1,841663
2012-12-03,34.28,34.4,33.96,34.01,899663
2012-12-04,34.09,34.2,33.18,33.35,1100132
2012-12-05,33.44,33.5,33.0,33.25,1182697
2012-12-06,33.29,33.35,33.03,33.22,376161
2012-12-07,33.27,33.34,33.04,33.26,357974
2012-12-10,33.19,33.36,33.0,33.35,563528
2012-12-11,33.45,33.68,33.24,33.39,670675
2012-12-12,33.38,33.88,33.33,33.59,509581
2012-12-13,33.43,33.55,33.15,33.28,224459
2012-12-14,33.21,33.36,33.1,33.29,356862
2012-12-17,33.36,33.82,33.35,33.7,423214
2012-12-18,33.69,34.03,33.65,33.99,389185
2012-12-19,34.03,34.22,33.88,33.96,510771
2012-12-20,34.1,34.45,34.1,34.19,938444
2012-12-21,33.91,34.17,33.6,34.15,1015784
2012-12-24,34.05,34.27,33.99,34.15,176829
2012-12-26,34.25,34.25,33.92,33.94,483833
2012-12-27,33.91,34.14,33.72,33.91,570133
2012-12-28,33.8,34.17,33.8,33.85,496101
2012-12-31,33.8,34.26,33.66,34.23,543101
2013-01-02,34.68,35.08,34.44,34.7,625074
2013-01-03,34.5,34.78,34.35,34.74,650348
2013-01-04,34.82,34.85,34.63,34.71,565550
2013-01-07,34.54,35.17,34.34,35.14,498759
2013-01-08,35.09,35.27,35.01,35.16,773641
2013-01-09,35.2,35.66,35.12,35.51,463342
2013-01-10,35.57,35.76,35.5,35.6,916721
2013-01-11,35.51,35.89,35.31,35.49,478711
2013-01-14,35.38,35.67,35.38,35.61,253002
2013-01-15,34.43,34.9,34.42,34.8,801784
2013-01-16,34.72,34.89,34.61,34.81,532973
2013-01-17,34.94,35.27,34.87,35.17,461096
2013-01-18,35.29,35.5,35.17,35.46,476341
2013-01-22,35.4,35.91,35.3,35.8,657439
2013-01-23,35.93,36.22,35.8,36.18,620995
2013-01-24,36.17,36.66,36.17,36.51,492200
2013-01-25,36.7,36.96,36.54,36.64,470751
2013-01-28,36.63,36.84,36.43,36.45,477606
2013-01-29,36.53,36.61,36.31,36.36,411916
2013-01-30,36.38,36.48,36.2,36.22,389693
2013-01-31,36.28,36.36,36.11,36.13,488263
2013-02-01,36.46,37.07,36.41,36.86,700307
2013-02-04,36.8,37.29,36.62,36.66,570585
2013-02-05,36.82,37.09,36.67,36.81,350349
2013-02-06,36.75,37.14,36.75,37.14,313540
2013-02-07,37.19,37.32,36.95,37.26,313454
2013-02-08,37.38,37.57,37.19,37.31,863569
2013-02-11,37.31,37.41,36.86,37.07,637948
2013-02-12,37.1,37.43,37.08,37.34,743024
2013-02-13,37.43,37.66,37.04,37.15,1225884
2013-02-14,37.05,37.22,36.87,37.08,778582
2013-02-15,37.14,37.22,36.93,37.22,505880
2013-02-19,37.2,37.57,37.09,37.22,732287
2013-02-20,37.15,37.32,37.0,37.05,522782
2013-02-21,35.5,37.26,35.01,35.69,1441977
2013-02-22,35.95,36.29,35.7,36.04,424880
2013-02-25,36.22,36.41,35.78,35.78,511658
2013-02-26,35.81,35.99,35.46,35.79,547344
2013-02-27,35.88,36.49,35.88,36.18,414445
2013-02-28,36.29,36.57,36.22,36.34,303682
2013-03-01,36.25,36.49,35.91,36.45,425355
2013-03-04,36.35,36.38,35.93,36.32,608696
2013-03-05,36.43,36.73,36.32,36.48,434577
2013-03-06,36.52,36.72,36.34,36.44,209185
2013-03-07,36.53,36.74,36.45,36.56,355629
2013-03-08,36.65,36.88,36.61,36.85,258672
2013-03-11,36.82,37.2,36.8,37.17,488108
2013-03-12,37.09,37.32,37.08,37.18,404025
2013-03-13,37.21,37.41,37.01,37.38,505288
2013-03-14,37.4,37.51,37.29,37.45,483147
2013-03-15,37.3,37.4,36.82,37.21,1348259
2013-03-18,36.91,37.25,36.8,37.02,405481
2013-03-19,37.74,38.03,37.37,37.57,1119798
2013-03-20,37.93,38.24,37.92,37.99,996809
2013-03-21,37.79,37.96,37.49,37.61,673779
2013-03-22,37.66,37.9,37.63,37.74,573802
2013-03-25,37.85,37.94,37.42,37.5,728148
2013-03-26,37.68,37.91,37.45,37.49,842628
2013-03-27,37.41,37.69,37.33,37.65,492355
2013-03-28,37.63,38.09,37.5,38.04,432552
2013-04-01,38.12,38.18,37.69,37.79,544886
2013-04-02,37.89,38.25,37.66,37.67,538718
2013-04-03,37.61,37.7,36.82,37.01,1116480
2013-04-04,36.98,37.22,36.78,37.22,638287
2013-04-05,36.88,36.91,36.71,36.86,461629
2013-04-08,36.77,37.32,36.77,37.29,450380
2013-04-09,36.47,37.12,36.03,36.59,1349111
2013-04-10,36.5,36.92,36.22,36.72,1282586
2013-04-11,36.86,37.4,36.65,37.3,880640
2013-04-12,37.25,37.51,37.16,37.28,972073
2013-04-15,37.5,37.68,36.67,36.67,925466
2013-04-16,36.77,37.31,36.6,37.28,535307
2013-04-17,37.12,37.3,36.63,36.73,1118011
2013-04-18,36.73,36.75,36.33,36.48,547360
2013-04-19,36.61,37.22,36.43,37.2,473547
2013-04-22,37.21,37.22,36.84,37.07,378613
2013-04-23,37.13,37.35,36.77,37.28,416531
2013-04-24,37.31,37.67,37.1,37.65,734265
2013-04-25,37.69,37.95,37.69,37.73,652261
2013-04-26,37.67,37.79,37.21,37.47,411863
2013-04-29,37.47,37.74,37.47,37.7,220797
2013-04-30,37.61,37.96,37.44,37.95,497571
2013-05-01,37.99,38.0,37.63,37.67,426704
2013-05-02,37.62,38.23,37.52,38.16,596744
2013-05-03,38.32,38.66,38.25,38.44,649844
2013-05-06,38.38,38.6,38.36,38.49,264707
2013-05-07,38.35,38.65,38.1,38.54,541099
2013-05-08,38.59,38.88,38.29,38.86,485477
2013-05-09,38.64,38.99,38.35,38.79,630058
2013-05-10,38.87,38.97,38.68,38.79,797706
2013-05-13,38.67,38.78,38.4,38.45,482978
2013-05-14,38.09,38.68,37.98,38.67,504559
2013-05-15,38.53,38.95,38.42,38.91,407524
2013-05-16,38.89,39.0,38.64,38.72,369695
2013-05-17,38.9,38.9,38.51,38.68,793249
2013-05-20,38.73,38.96,38.64,38.79,689313
2013-05-21,38.76,39.23,38.75,39.23,765116
2013-05-22,39.2,39.82,38.89,39.0,990573
2013-05-23,37.94,39.63,37.94,39.55,1001799
2013-05-24,39.54,39.54,38.63,39.2,606958
2013-05-28,39.61,39.9,39.24,39.7,526069
2013-05-29,39.26,39.4,38.77,38.93,774939
2013-05-30,38.81,39.36,38.81,39.08,647937
2013-05-31,38.96,39.39,38.71,39.08,1047118
2013-06-03,39.05,39.21,38.58,39.21,459778
2013-06-04,39.3,39.34,38.78,38.99,584794
2013-06-05,38.96,38.98,38.3,38.4,755961
2013-06-06,38.48,38.51,37.9,38.41,784097
2013-06-07,38.59,38.98,38.57,38.98,628776
2013-06-10,39.07,39.48,38.86,39.24,718783
2013-06-11,39.04,39.29,38.52,39.07,634907
2013-06-12,39.32,39.34,38.62,38.67,374277
2013-06-13,38.54,39.14,38.47,39.05,502173
2013-06-14,38.9,39.12,38.67,38.76,467816
2013-06-17,39.1,39.34,38.96,39.21,711446
2013-06-18,39.23,39.3,38.82,39.08,604355
2013-06-19,39.24,39.28,38.25,38.31,913467
2013-06-20,37.9,37.96,37.17,37.31,1075845
2013-06-21,37.45,37.75,37.19,37.42,1467955
2013-06-24,37.14,37.47,36.88,37.24,651124
2013-06-25,37.56,37.56,36.9,37.3,614811
2013-06-26,37.44,37.83,37.13,37.2,697345
2013-06-27,37.42,37.81,37.23,37.58,718939
2013-06-28,37.45,37.86,37.15,37.6,949357
2013-07-01,37.77,38.07,37.62,37.73,827716
2013-07-02,37.72,37.94,37.5,37.86,957781
2013-07-03,37.81,38.0,37.59,37.74,539175
2013-07-05,38.15,38.4,37.58,37.97,815694
2013-07-08,38.07,38.46,38.01,38.32,547653
2013-07-09,38.49,38.8,38.25,38.57,722865
2013-07-10,38.64,39.11,38.45,39.1,766266
2013-07-11,39.5,39.5,39.24,39.38,594590
2013-07-12,39.45,39.68,39.27,39.65,351140
2013-07-15,39.87,40.02,39.62,39.85,511805
2013-07-16,39.75,39.93,39.67,39.75,497575
2013-07-17,39.88,39.98,39.6,39.83,511386
2013-07-18,39.83,40.32,39.71,40.27,459703
2013-07-19,40.3,40.53,40.05,40.35,433425
2013-07-22,40.54,40.64,40.24,40.47,383270
2013-07-23,40.47,40.6,40.08,40.4,421847
2013-07-24,40.46,40.69,40.0,40.13,473209
2013-07-25,40.15,40.56,40.02,40.55,423576
2013-07-26,40.4,40.77,40.1,40.59,452364
2013-07-29,40.41,40.59,40.28,40.52,284948
2013-07-30,40.7,41.02,40.59,40.74,567174
2013-07-31,40.91,41.25,40.7,40.89,576365
2013-08-01,41.14,41.75,40.78,41.64,464043
2013-08-02,41.84,41.88,41.36,41.84,544383
2013-08-05,41.82,41.82,41.4,41.77,426171
2013-08-06,41.65,41.87,41.52,41.8,528058
2013-08-07,41.8,41.92,41.58,41.79,448560
2013-08-08,41.9,42.34,41.85,42.27,386312
2013-08-09,42.3,42.42,42.0,42.09,422217
2013-08-12,41.91,42.45,41.81,42.32,478720
2013-08-13,42.4,42.62,41.96,42.6,422921
2013-08-14,42.59,42.69,42.25,42.35,516772
2013-08-15,42.17,42.23,41.55,41.59,467337
2013-08-16,41.55,41.87,41.35,41.52,599883
2013-08-19,41.63,41.9,41.47,41.47,501899
2013-08-20,41.5,41.98,41.22,41.87,553090
2013-08-21,41.75,41.91,41.37,41.65,907838
2013-08-22,40.31,41.11,40.0,40.65,1325532
2013-08-23,40.9,41.19,40.72,41.01,708674
2013-08-26,41.04,41.2,40.42,40.45,702621
2013-08-27,40.05,40.18,39.89,39.96,767985
2013-08-28,39.98,40.19,39.78,39.8,457081
2013-08-29,39.67,40.28,39.36,39.98,486259
2013-08-30,39.96,39.96,39.73,39.88,507290
2013-09-03,40.42,40.69,39.72,39.83,746437
2013-09-04,39.77,40.08,39.69,40.01,554711
2013-09-05,39.98,40.25,39.92,40.07,384764
2013-09-06,40.12,40.35,39.56,40.03,474842
2013-09-09,40.09,40.26,39.88,40.26,429009
2013-09-10,40.41,40.89,40.25,40.65,391808
2013-09-11,40.64,41.02,40.46,40.99,573785
2013-09-12,40.91,41.14,40.87,41.0,512544
2013-09-13,41.01,41.11,40.76,40.93,342662
2013-09-16,41.0,41.33,40.99,41.24,508101
2013-09-17,41.33,41.37,40.95,41.28,360828
2013-09-18,41.32,41.5,40.79,41.31,392287
2013-09-19,41.29,41.4,41.0,41.2,397269
2013-09-20,41.24,41.29,40.62,40.78,715481
2013-09-23,40.65,40.77,40.5,40.73,318215
2013-09-24,40.84,40.86,40.23,40.35,729379
2013-09-25,40.36,40.6,40.12,40.14,432137
2013-09-26,40.2,40.36,40.02,40.3,460381
2013-09-27,40.06,40.26,39.84,39.97,463254
2013-09-30,39.85,40.25,39.55,40.18,579494
2013-10-01,36.59,40.52,36.59,40.36,549352
2013-10-02,40.22,40.22,39.86,40.0,565526
2013-10-03,39.9,39.98,39.48,39.88,945196
2013-10-04,39.92,40.34,39.81,40.17,846365
2013-10-07,39.93,40.16,39.79,39.91,443983
2013-10-08,39.91,40.09,39.59,39.59,481827
2013-10-09,39.68,40.6,39.6,40.44,1315291
2013-10-10,40.69,41.0,40.2,40.47,800611
2013-10-11,40.24,40.53,40.1,40.38,589135
2013-10-14,40.21,40.53,39.98,40.46,602753
2013-10-15,40.23,40.36,39.67,39.82,933093
2013-10-16,39.97,40.48,39.89,40.46,856672
2013-10-17,40.33,41.05,40.09,40.97,528581
2013-10-18,41.17,41.49,40.97,41.48,560795
2013-10-21,42.11,42.11,41.34,41.4,556330
2013-10-22,41.48,41.75,41.27,41.42,340403
2013-10-23,41.38,41.49,41.2,41.45,350193
2013-10-24,41.45,41.61,41.34,41.48,281605
2013-10-25,41.49,41.67,41.39,41.58,310958
2013-10-28,41.56,41.78,41.26,41.73,423456
2013-10-29,41.87,42.3,41.87,42.3,667315
2013-10-30,42.24,42.5,42.16,42.32,496781
2013-10-31,42.36,42.64,41.96,42.51,743405
2013-11-01,42.52,42.7,42.29,42.64,474872
2013-11-04,42.63,43.21,42.6,43.17,571238
2013-11-05,43.17,43.19,42.64,42.79,715426
2013-11-06,42.94,43.14,42.85,43.1,401591
2013-11-07,43.26,43.51,42.71,42.82,512900
2013-11-08,42.93,43.27,42.65,43.25,523167
2013-11-11,43.12,43.29,43.01,43.24,321964
2013-11-12,43.04,43.44,42.78,43.24,584160
2013-11-13,43.76,43.76,43.09,43.71,500881
2013-11-14,43.78,44.32,43.69,44.27,827621
2013-11-15,44.2,44.39,43.67,43.68,2350516
2013-11-18,43.81,43.84,43.01,43.14,1024159
2013-11-19,43.09,43.25,42.76,42.88,752206
2013-11-20,42.27,42.92,41.78,42.6,1062361
2013-11-21,42.2,42.95,41.06,41.11,1547083
2013-11-22,40.49,41.74,40.49,41.73,1199073
2013-11-25,41.88,42.07,41.52,41.95,716453
2013-11-26,41.93,42.06,41.23,41.57,827605
2013-11-27,41.69,41.88,41.16,41.35,564266
2013-11-29,41.5,41.73,41.23,41.49,234805
2013-12-02,41.46,41.6,41.26,41.34,540427
2013-12-03,41.13,41.33,40.82,41.32,621542
2013-12-04,41.23,41.31,40.54,41.02,499143
2013-12-05,40.99,41.02,40.76,40.97,565011
2013-12-06,41.39,41.77,41.23,41.76,530639
2013-12-09,41.89,42.0,41.46,41.53,646692
2013-12-10,41.4,41.97,41.37,41.8,838626
2013-12-11,41.98,42.07,40.78,40.79,796299
2013-12-12,40.59,40.74,40.31,40.5,543676
2013-12-13,40.56,40.81,40.16,40.34,353852
2013-12-16,40.57,40.73,40.16,40.36,594399
2013-12-17,40.44,40.82,39.99,40.15,581535
2013-12-18,40.12,40.65,39.7,40.63,639419
2013-12-19,40.61,40.68,40.28,40.52,638456
2013-12-20,40.67,40.67,40.38,40.5,912576
2013-12-23,40.72,41.17,40.56,40.78,857936
2013-12-24,40.93,41.27,40.68,40.89,356481
2013-12-26,40.9,41.19,40.78,40.89,373586
2013-12-27,40.91,41.21,40.91,41.09,484191
2013-12-30,41.01,41.23,41.01,41.18,438152
2013-12-31,41.22,41.27,41.04,41.2,500574
2014-01-02,41.09,41.28,40.64,40.8,577867
2014-01-03,40.94,41.46,40.83,41.33,672621
2014-01-06,41.29,41.3,40.76,40.95,866865
2014-01-07,41.2,41.75,41.04,41.58,514349
2014-01-08,41.58,41.81,41.12,41.26,654788
2014-01-09,40.16,41.33,40.1,41.29,935964
2014-01-10,41.19,41.37,40.7,40.95,685575
2014-01-13,40.92,41.15,40.36,40.51,507981
2014-01-14,40.68,41.11,40.37,40.88,542940
2014-01-15,41.06,41.21,40.87,40.99,360443
2014-01-16,40.89,41.26,40.89,41.2,526462
2014-01-17,41.24,41.3,40.93,40.98,653545
2014-01-21,41.14,41.36,41.01,41.33,490413
2014-01-22,41.52,41.69,41.4,41.5,520203
2014-01-23,41.38,41.56,40.61,40.68,692168
2014-01-24,40.46,40.74,39.79,39.99,1106011
2014-01-27,39.88,40.0,39.69,39.85,1008981
2014-01-28,39.79,40.4,39.79,40.11,1448766
2014-01-29,39.91,40.25,39.69,39.98,865230
2014-01-30,40.27,40.59,40.2,40.27,488697
2014-01-31,39.79,40.09,39.54,39.96,746973
2014-02-03,40.06,40.17,38.91,39.05,1509188
2014-02-04,39.12,39.42,38.84,39.25,1012675
2014-02-05,39.1,39.6,38.78,39.38,790329
2014-02-06,39.4,39.58,39.06,39.52,554061
2014-02-07,39.66,39.94,39.28,39.69,815462
2014-02-10,39.69,40.33,39.41,40.3,781258
2014-02-11,40.3,41.01,40.18,40.61,772832
2014-02-12,40.61,40.95,40.05,40.08,1290695
2014-02-13,39.95,40.52,39.53,40.39,874715
2014-02-14,40.4,40.72,40.26,40.3,682516
2014-02-18,40.27,40.7,39.98,39.98,902960
2014-02-19,39.91,40.35,39.67,39.74,1235567
2014-02-20,39.63,40.74,39.32,40.55,957610
2014-02-21,40.52,40.99,40.22,40.72,921648
2014-02-24,40.73,41.08,40.65,40.82,664787
2014-02-25,40.86,41.08,40.64,40.68,487040
2014-02-26,40.61,40.91,40.42,40.56,323880
2014-02-27,40.52,40.85,40.38,40.85,452663
2014-02-28,40.95,41.27,40.8,41.16,829494
2014-03-03,40.88,40.95,40.1,40.83,1522966
2014-03-04,41.15,42.15,41.15,41.68,1409465
2014-03-05,41.72,41.72,41.39,41.61,399130
2014-03-06,41.8,42.04,41.66,42.0,517865
2014-03-07,42.01,42.17,41.78,42.0,622928
2014-03-10,41.97,42.0,41.69,41.86,352644
2014-03-11,41.95,42.68,41.55,42.21,1443216
2014-03-12,41.93,42.63,41.92,42.41,1121650
2014-03-13,42.46,42.58,41.78,41.81,1012969
2014-03-14,41.74,41.86,41.11,41.15,904825
2014-03-17,41.35,41.95,41.28,41.55,489574
2014-03-18,41.61,41.89,41.55,41.79,403932
2014-03-19,41.88,42.63,41.42,41.64,1047941
2014-03-20,41.61,42.01,41.33,41.61,403894
2014-03-21,41.93,41.95,41.1,41.14,679559
2014-03-24,41.2,41.37,40.54,41.0,703078
2014-03-25,41.17,41.32,40.7,40.99,533654
2014-03-26,41.05,41.46,40.95,41.05,418397
2014-03-27,41.18,41.26,40.69,40.79,330788
2014-03-28,40.9,41.3,40.82,41.03,419500
2014-03-31,41.29,41.85,41.07,41.76,584721
2014-04-01,41.94,42.17,41.61,42.13,596691
2014-04-02,42.23,42.63,42.11,42.3,759848
2014-04-03,42.49,43.1,42.29,43.01,1590984
2014-04-04,43.13,43.49,42.26,42.47,663602
2014-04-07,42.42,42.78,41.74,41.82,512884
2014-04-08,41.77,42.34,41.62,42.17,576061
2014-04-09,41.96,43.04,41.66,43.01,1597760
2014-04-10,42.95,43.02,41.58,41.58,1416678
2014-04-11,41.44,41.82,40.82,40.82,709952
2014-04-14,41.02,41.28,40.65,41.13,514193
2014-04-15,41.24,41.57,40.42,41.37,752263
2014-04-16,41.75,41.82,40.6,40.78,972724
2014-04-17,40.87,41.22,40.59,41.04,618464
2014-04-21,41.1,41.3,40.68,41.29,400386
2014-04-22,41.3,41.56,41.2,41.21,417561
2014-04-23,41.09,41.45,40.84,41.2,533611
2014-04-24,41.35,41.35,40.85,40.93,432333
2014-04-25,40.88,41.15,40.69,40.91,314285
2014-04-28,40.93,41.38,40.44,41.02,321729
2014-04-29,41.01,41.26,40.87,41.02,248984
2014-04-30,40.9,40.99,40.43,40.7,640451
2014-05-01,40.54,41.08,40.37,40.82,442319
2014-05-02,40.14,41.04,39.3,40.46,386507
2014-05-05,40.2,40.73,40.02,40.56,637195
2014-05-06,40.44,40.71,40.28,40.29,738854
2014-05-07,40.38,40.61,40.1,40.5,438794
2014-05-08,40.39,40.92,40.33,40.52,394626
2014-05-09,40.45,41.39,40.23,41.35,683619
2014-05-12,41.53,41.86,41.43,41.54,399835
2014-05-13,41.58,41.7,41.34,41.49,447963
2014-05-14,41.42,41.54,41.11,41.2,358968
2014-05-15,41.15,41.15,40.66,40.87,473923
2014-05-16,40.92,41.13,40.65,41.13,514942
2014-05-19,40.96,41.41,40.96,41.22,737091
2014-05-20,41.01,41.16,40.48,40.66,1523905
2014-05-21,40.79,41.24,40.6,41.03,921344
2014-05-22,38.44,40.15,37.02,39.23,3147887
2014-05-23,39.1,39.38,38.62,39.08,1844088
2014-05-27,39.31,39.45,38.89,39.1,1601622
2014-05-28,39.07,39.26,38.79,38.99,1293456
2014-05-29,39.04,39.23,38.92,39.05,619696
2014-05-30,38.96,39.28,38.96,39.16,2029023
2014-06-02,39.18,39.25,39.02,39.13,583966
2014-06-03,39.05,39.24,39.02,39.2,696935
2014-06-04,39.13,39.23,38.99,39.06,998446
2014-06-05,39.32,39.32,38.96,39.0,809220
2014-06-06,39.15,39.29,38.94,39.26,830484
2014-06-09,39.31,39.64,39.2,39.6,575268
2014-06-10,39.39,39.5,39.26,39.35,412870
2014-06-11,39.17,39.23,38.9,39.03,569806
2014-06-12,39.04,39.21,38.64,38.76,1027381
2014-06-13,38.79,38.97,38.6,38.71,720215
2014-06-16,39.52,39.54,38.58,38.83,1286308
2014-06-17,38.91,39.06,38.75,38.98,474915
2014-06-18,38.98,39.33,38.84,39.28,677859
2014-06-19,39.32,39.44,39.16,39.42,583471
2014-06-20,39.44,39.8,39.33,39.78,1120316
2014-06-23,39.84,40.04,39.77,39.84,630837
2014-06-24,39.78,40.44,39.78,40.1,696115
2014-06-25,40.17,40.46,40.13,40.32,428904
2014-06-26,40.41,40.48,40.1,40.12,719403
2014-06-27,40.0,40.15,39.72,39.93,2356959
2014-06-30,41.93,41.93,39.43,39.51,1397582
2014-07-01,39.63,39.94,39.38,39.64,1274298
2014-07-02,39.58,39.78,39.39,39.53,828070
2014-07-03,39.62,39.81,39.58,39.75,581723
2014-07-07,39.35,39.64,39.3,39.62,759568
2014-07-08,39.41,39.57,39.3,39.55,532683
2014-07-09,39.48,39.71,39.22,39.37,479443
2014-07-10,39.08,39.16,38.91,39.11,411787
2014-07-11,39.03,39.31,38.81,39.29,506903
2014-07-14,39.53,39.6,39.08,39.16,306270
2014-07-15,39.07,39.34,38.89,39.29,491261
2014-07-16,39.46,39.65,39.22,39.62,614684
2014-07-17,39.39,39.56,38.63,38.68,739686
2014-07-18,38.65,39.14,38.42,39.08,682526
2014-07-21,39.03,39.36,38.47,39.24,740160
2014-07-22,39.31,39.88,39.31,39.57,799732
2014-07-23,39.7,39.85,39.42,39.72,459883
2014-07-24,39.9,40.13,39.58,40.05,624980
2014-07-25,40.06,40.06,39.37,39.41,805987
2014-07-28,39.41,39.68,39.1,39.66,492662
2014-07-29,39.73,39.73,39.33,39.35,348646
2014-07-30,39.5,39.7,39.12,39.59,397499
2014-07-31,39.42,39.49,38.88,39.01,641958
2014-08-01,39.0,39.36,38.48,38.97,716456
2014-08-04,39.1,39.18,38.52,38.68,556285
2014-08-05,38.43,38.92,38.41,38.61,404672
2014-08-06,38.59,39.02,38.32,38.68,422333
2014-08-07,38.81,39.07,38.19,38.27,332667
2014-08-08,38.3,38.78,38.04,38.77,313676
2014-08-11,38.84,38.93,38.58,38.61,323087
2014-08-12,38.6,39.08,38.6,38.95,453734
2014-08-13,38.95,39.17,38.72,39.05,513142
2014-08-14,39.01,39.25,38.99,39.16,362309
2014-08-15,39.26,39.36,38.93,39.1,641860
2014-08-18,39.25,39.64,39.08,39.52,493967
2014-08-19,39.52,40.1,39.36,40.06,608291
2014-08-20,40.0,40.14,39.79,40.1,668720
2014-08-21,39.25,41.07,39.25,40.73,1082378
2014-08-22,40.78,40.91,40.48,40.63,523617
2014-08-25,40.71,40.95,40.67,40.92,619685
2014-08-26,40.87,40.95,40.4,40.47,621482
2014-08-27,40.5,40.66,39.91,40.15,1031425
2014-08-28,40.1,40.41,39.84,40.32,424162
2014-08-29,40.46,40.59,40.14,40.27,361850
2014-09-02,40.25,40.58,40.16,40.32,595024
2014-09-03,40.54,40.8,40.12,40.31,680279
2014-09-04,40.3,40.59,40.03,40.2,378068
2014-09-05,40.28,40.79,40.02,40.73,513647
2014-09-08,40.58,40.92,40.4,40.91,566136
2014-09-09,40.85,40.95,40.63,40.71,519319
2014-09-10,40.3,40.84,40.3,40.79,382128
2014-09-11,40.54,40.9,40.54,40.86,459613
2014-09-12,40.94,40.95,40.35,40.57,525582
2014-09-15,40.63,40.63,40.25,40.56,321802
2014-09-16,40.56,40.64,40.31,40.36,452060
2014-09-17,40.38,40.87,40.23,40.64,750661
2014-09-18,40.71,40.96,40.62,40.95,553054
2014-09-19,41.01,41.15,40.59,40.65,1236785
2014-09-22,40.51,40.7,40.32,40.45,582635
2014-09-23,41.18,41.62,40.64,41.45,1638060
2014-09-24,41.57,42.26,41.23,42.26,1054347
2014-09-25,42.21,42.21,41.25,41.27,746977
2014-09-26,41.52,41.73,41.06,41.41,449239
2014-09-29,41.15,41.52,41.07,41.48,447087
2014-09-30,41.54,41.9,41.31,41.43,1059713
2014-10-01,41.48,41.58,41.04,41.21,1073494
2014-10-02,41.29,41.8,41.14,41.52,1233469
2014-10-03,41.77,42.48,41.72,42.25,1344508
2014-10-06,42.33,42.61,41.85,41.93,607389
2014-10-07,41.83,41.96,41.27,41.28,1068950
2014-10-08,41.11,41.72,41.04,41.56,709059
2014-10-09,41.5,41.67,40.84,40.96,609888
2014-10-10,40.95,41.29,40.8,40.88,832942
2014-10-13,40.9,40.94,40.16,40.21,800189
2014-10-14,40.36,40.54,40.11,40.42,643241
2014-10-15,40.19,40.66,39.37,40.35,685213
2014-10-16,39.9,40.02,39.28,39.81,746366
2014-10-17,40.08,40.48,39.83,40.42,619948
2014-10-20,41.15,41.15,40.13,40.56,591961
2014-10-21,40.7,41.57,40.6,41.46,460898
2014-10-22,41.6,41.7,41.08,41.17,432383
2014-10-23,41.46,41.75,41.29,41.56,313180
2014-10-24,41.66,41.98,41.49,41.84,419494
2014-10-27,41.74,42.22,41.43,42.2,395358
2014-10-28,42.31,42.31,41.9,42.27,354855
2014-10-29,42.25,42.56,41.96,42.17,525887
2014-10-30,42.14,42.66,42.12,42.64,506256
2014-10-31,43.09,43.27,42.9,43.11,475984
2014-11-03,43.19,43.25,42.96,43.08,296298
2014-11-04,42.89,43.38,42.84,43.36,355496
2014-11-05,43.69,44.0,43.25,43.69,477942
2014-11-06,43.83,44.25,43.71,44.03,576795
2014-11-07,44.1,44.2,43.67,43.98,613423
2014-11-10,44.1,44.32,43.92,44.15,510885
2014-11-11,44.1,44.36,43.87,44.27,439632
2014-11-12,44.26,45.13,44.17,45.12,678678
2014-11-13,45.23,45.93,45.23,45.7,1375742
2014-11-14,45.62,45.94,44.99,45.24,826983
2014-11-17,45.75,46.41,45.53,46.26,1209845
2014-11-18,46.26,47.09,46.24,46.61,1389939
2014-11-19,46.47,46.68,46.18,46.35,1203012
2014-11-20,47.0,47.38,46.28,46.77,1513449
2014-11-21,47.09,47.22,46.49,46.61,1708712
2014-11-24,46.83,47.7,46.75,47.66,857111
2014-11-25,47.59,47.81,47.35,47.75,1856654
2014-11-26,47.77,47.9,47.55,47.77,426275
2014-11-28,47.99,48.88,47.72,48.18,384726
2014-12-01,48.17,48.31,47.89,47.96,799703
2014-12-02,47.96,48.31,47.94,48.26,1216962
2014-12-03,48.24,48.62,48.2,48.59,848861
2014-12-04,48.7,49.09,48.66,48.98,790657
2014-12-05,49.41,49.5,48.64,48.74,706081
2014-12-08,48.72,49.04,48.5,48.57,885018
2014-12-09,48.21,48.43,48.01,48.34,745263
2014-12-10,48.41,48.74,48.15,48.29,1081345
2014-12-11,48.5,48.8,48.09,48.16,610294
2014-12-12,47.98,48.4,47.43,47.44,611527
2014-12-15,47.57,47.89,47.07,47.14,825557
2014-12-16,47.09,47.67,47.0,47.12,883342
2014-12-17,47.29,48.04,46.65,47.99,920396
2014-12-18,48.39,48.76,48.05,48.76,607710
2014-12-19,48.98,49.4,48.69,49.03,1932784
2014-12-22,48.96,49.46,48.95,49.11,459866
2014-12-23,49.34,49.34,48.45,48.81,481998
2014-12-24,48.86,48.93,48.65,48.79,257544
2014-12-26,48.97,49.14,48.71,48.76,256819
2014-12-29,48.53,48.97,48.39,48.62,532138
2014-12-30,48.64,48.83,48.43,48.57,477298
2014-12-31,48.82,48.98,48.07,48.1,400154
2015-01-02,48.39,48.78,48.25,48.55,752830
2015-01-05,48.46,48.85,48.22,48.36,592778
2015-01-06,48.57,48.77,47.61,47.84,1435437
2015-01-07,47.81,49.52,47.68,49.39,954961
2015-01-08,49.77,50.41,49.7,50.21,1508004
2015-01-09,50.31,50.46,49.63,50.43,880773
2015-01-12,50.61,51.0,49.99,50.06,529213
2015-01-13,50.77,51.25,49.98,50.18,805307
2015-01-14,49.84,50.58,49.72,50.26,929062
2015-01-15,50.36,50.45,49.72,49.73,495944
2015-01-16,49.77,50.36,49.58,50.3,734981
2015-01-20,50.74,51.0,49.78,50.34,417677
2015-01-21,50.09,50.4,49.89,50.17,364455
2015-01-22,50.37,51.48,49.81,51.45,838400
2015-01-23,51.23,51.49,50.85,51.19,599533
2015-01-26,51.02,51.23,50.49,51.2,628292
2015-01-27,50.5,51.27,50.47,51.06,549209
2015-01-28,51.32,51.48,50.57,50.61,618827
2015-01-29,50.53,50.99,50.21,50.98,659956
2015-01-30,50.67,50.95,50.02,50.09,748255
2015-02-02,50.39,50.39,49.02,49.93,772539
2015-02-03,50.0,50.63,49.77,50.59,777871
2015-02-04,50.47,51.08,50.11,50.69,524454
2015-02-05,50.92,51.45,50.71,51.37,456962
2015-02-06,51.3,51.45,50.41,50.58,597442
2015-02-09,50.31,50.53,49.55,49.68,765139
2015-02-10,49.82,50.0,49.54,49.83,1012992
2015-02-11,49.88,50.28,49.66,50.23,721928
2015-02-12,50.48,50.88,50.06,50.8,599975
2015-02-13,50.68,50.86,50.15,50.65,1305100
2015-02-17,49.84,50.52,49.84,50.35,1386103
2015-02-18,49.84,50.6,49.73,50.22,1527161
2015-02-19,49.47,49.75,48.52,49.32,2137954
2015-02-20,49.37,50.21,49.0,49.29,1379293
2015-02-23,49.28,49.65,49.08,49.2,1252887
2015-02-24,49.24,49.64,49.2,49.57,534220
2015-02-25,49.49,49.73,49.26,49.34,515792
2015-02-26,49.35,49.59,49.09,49.44,1008757
2015-02-27,49.47,50.3,49.32,50.08,1600898
2015-03-02,50.0,50.47,49.57,50.38,638946
2015-03-03,50.22,50.38,49.98,50.27,499728
2015-03-04,50.06,50.34,50.0,50.26,561795
2015-03-05,50.31,50.61,50.17,50.42,471778
2015-03-06,50.1,50.38,49.24,49.34,574783
2015-03-09,49.48,49.8,49.29,49.69,494966
2015-03-10,49.33,49.59,48.88,48.88,640151
2015-03-11,48.88,48.9,47.86,47.96,1792594
2015-03-12,48.02,49.2,48.02,49.16,914337
2015-03-13,49.17,49.17,48.27,48.5,702185
2015-03-16,48.78,49.53,48.78,49.45,570439
2015-03-17,49.17,49.17,48.55,48.89,550766
2015-03-18,48.71,50.1,48.71,49.75,1091195
2015-03-19,49.82,49.99,49.56,49.82,460103
2015-03-20,50.03,50.39,50.02,50.34,558203
2015-03-23,50.27,50.54,49.99,50.04,474160
2015-03-24,49.82,50.13,49.44,49.5,621276
2015-03-25,49.63,49.87,48.79,48.79,421574
2015-03-26,48.69,48.76,48.28,48.4,487523
2015-03-27,48.32,49.0,48.27,48.73,872818
2015-03-30,49.07,49.41,48.83,49.1,622889
2015-03-31,49.04,49.37,48.79,48.79,639522
2015-04-01,48.78,48.78,47.81,48.17,1053311
2015-04-02,48.07,48.69,47.8,48.46,953184
2015-04-06,48.09,48.72,48.03,48.27,1594611
2015-04-07,48.33,48.84,48.27,48.45,889518
2015-04-08,48.41,48.5,47.9,48.09,816977
2015-04-09,48.09,48.36,47.89,48.23,655634
2015-04-10,48.31,48.6,48.2,48.33,410389
2015-04-13,48.33,48.76,48.19,48.23,618507
2015-04-14,48.35,48.35,47.74,48.13,518513
2015-04-15,48.27,48.34,47.64,47.65,758097
2015-04-16,47.5,47.94,47.43,47.59,698870
2015-04-17,47.25,49.13,46.74,46.95,1961173
2015-04-20,47.43,47.64,47.08,47.32,1708221
2015-04-21,47.49,47.55,47.03,47.21,1612218
2015-04-22,47.2,47.46,46.98,47.34,757930
2015-04-23,47.36,47.73,47.21,47.5,614866
2015-04-24,47.38,48.4,47.22,48.19,1473832
2015-04-27,48.44,48.44,47.27,47.37,681790
2015-04-28,47.31,47.79,47.0,47.74,621370
2015-04-29,47.39,47.62,46.99,47.22,596095
2015-04-30,47.05,47.48,46.84,46.96,892408
2015-05-01,47.06,47.48,46.96,47.08,614076
2015-05-04,47.55,48.55,45.6,46.36,4295685
2015-05-05,46.14,46.8,45.63,45.9,1699137
2015-05-06,46.08,46.32,45.32,45.61,979407
2015-05-07,45.51,46.15,45.41,45.85,564994
2015-05-08,46.52,46.57,45.93,46.06,744225
2015-05-11,46.14,46.32,45.85,46.07,656949
2015-05-12,45.88,45.99,45.65,45.83,643104
2015-05-13,45.98,46.27,45.85,45.98,986465
2015-05-14,46.12,46.67,45.87,46.45,641420
2015-05-15,46.55,46.75,46.37,46.52,1299140
2015-05-18,46.47,47.03,46.36,46.86,980248
2015-05-19,46.92,47.39,46.74,47.33,1019887
2015-05-20,47.28,47.68,47.15,47.41,899557
2015-05-21,48.31,48.86,47.11,47.17,1672139
2015-05-22,47.21,47.92,47.15,47.68,1485168
2015-05-26,47.47,47.78,47.12,47.16,1088860
2015-05-27,47.4,47.47,47.02,47.26,1080805
2015-05-28,47.23,47.81,47.08,47.58,1110301
2015-05-29,47.46,48.17,47.45,47.84,1461393
2015-06-01,47.92,48.23,47.6,47.97,668127
2015-06-02,47.92,48.22,47.68,47.74,617947
2015-06-03,47.73,47.97,47.55,47.97,955860
2015-06-04,47.98,48.14,47.78,48.13,953988
2015-06-05,48.05,48.05,47.52,47.82,749915
2015-06-08,47.92,48.41,47.75,48.01,551483
2015-06-09,47.91,48.17,47.74,47.82,711986
2015-06-10,47.83,48.35,47.83,48.23,509787
2015-06-11,48.4,48.77,48.09,48.6,596030
2015-06-12,48.35,48.69,48.35,48.39,522561
2015-06-15,48.12,48.12,47.72,47.88,743561
2015-06-16,48.0,48.43,47.88,48.42,685451
2015-06-17,48.5,49.01,48.41,48.91,797226
2015-06-18,49.05,49.62,49.05,49.36,869798
2015-06-19,49.35,49.46,49.14,49.27,849688
2015-06-22,49.64,49.78,49.38,49.55,417239
2015-06-23,49.6,49.72,49.2,49.27,761580
2015-06-24,49.27,49.35,48.7,48.72,620913
2015-06-25,48.83,49.02,48.4,48.68,1268814
2015-06-26,48.65,48.89,48.5,48.81,1379634
2015-06-29,48.65,49.01,48.04,48.14,1180893
2015-06-30,48.6,48.89,48.31,48.65,1246316
2015-07-01,50.0,50.94,48.91,49.27,1790736
2015-07-02,49.22,49.4,48.78,48.95,878366
2015-07-06,48.7,49.16,48.46,49.14,1070958
2015-07-07,49.36,49.59,48.56,49.58,808589
2015-07-08,49.26,49.46,48.55,48.59,793539
2015-07-09,49.02,49.02,48.61,48.73,635476
2015-07-10,49.18,49.55,48.89,49.19,698107
2015-07-13,49.4,49.61,48.86,49.14,1155754
2015-07-14,49.16,49.36,48.93,49.04,977504
2015-07-15,49.13,49.28,48.67,48.74,889037
2015-07-16,49.12,49.24,48.8,49.23,1581367
2015-07-17,49.26,49.3,49.0,49.11,618496
2015-07-20,49.18,49.23,48.9,48.98,346665
2015-07-21,48.97,49.2,48.77,49.02,810205
2015-07-22,48.95,49.83,48.88,49.82,1185157
2015-07-23,49.59,49.65,48.63,48.7,834654
2015-07-24,48.85,48.92,48.39,48.47,659480
2015-07-27,48.35,48.53,48.01,48.21,792279
2015-07-28,48.35,48.67,48.04,48.67,625158
2015-07-29,48.78,49.08,48.61,48.94,833906
2015-07-30,48.78,49.9,48.55,49.77,1074297
2015-07-31,49.93,50.46,49.78,50.16,806988
2015-08-03,50.17,50.27,49.61,49.95,591576
2015-08-04,49.87,50.36,49.7,49.77,759123
2015-08-05,49.89,50.24,49.51,50.13,777263
2015-08-06,50.2,50.3,49.48,49.78,566858
2015-08-07,49.82,49.99,49.26,49.74,552885
2015-08-10,50.12,50.41,50.01,50.17,587010
2015-08-11,50.05,50.19,49.55,49.86,385965
2015-08-12,49.53,49.56,48.76,49.49,780105
2015-08-13,49.45,49.82,49.17,49.62,490811
2015-08-14,49.6,49.8,49.27,49.79,359853
2015-08-17,49.63,50.03,49.34,50.0,508559
2015-08-18,51.12,53.07,50.69,51.55,2677118
2015-08-19,51.15,51.76,50.88,51.39,1074006
2015-08-20,51.04,51.24,50.12,50.16,931281
2015-08-21,49.92,50.1,49.12,49.12,1446785
2015-08-24,47.08,48.84,45.8,47.79,1672104
2015-08-25,48.35,48.6,47.26,47.27,1084066
2015-08-26,48.22,49.09,47.35,49.03,1475242
2015-08-27,48.2,48.49,45.04,45.94,4337248
2015-08-28,45.92,46.43,45.12,46.39,2600314
2015-08-31,46.13,46.72,45.65,45.83,1876322
2015-09-01,45.06,45.57,44.31,44.46,1999139
2015-09-02,44.71,44.94,44.29,44.94,1218936
2015-09-03,45.03,45.22,44.74,44.84,929497
2015-09-04,44.44,44.88,44.09,44.68,970706
2015-09-08,45.15,46.06,44.85,46.03,1257555
2015-09-09,46.31,46.49,45.14,45.21,817569
2015-09-10,44.97,45.78,44.88,45.53,712056
2015-09-11,45.25,45.85,45.16,45.73,789501
2015-09-14,45.66,45.79,45.37,45.66,536923
2015-09-15,45.63,46.23,45.58,46.03,676364
2015-09-16,44.33,45.23,43.47,44.99,1904453
2015-09-17,45.0,45.54,44.77,45.02,1009123
2015-09-18,44.64,45.28,44.43,44.92,1505375
2015-09-21,45.09,45.54,44.79,45.21,1026067
2015-09-22,44.75,45.1,44.6,45.01,808153
2015-09-23,45.15,45.31,44.86,45.1,742622
2015-09-24,44.93,45.08,44.52,45.01,625922
2015-09-25,45.26,45.35,44.07,44.3,1035816
2015-09-28,44.2,44.23,42.65,42.91,1407811
2015-09-29,42.78,43.42,42.66,42.97,1170321
2015-09-30,43.41,43.68,42.84,43.25,1411522
2015-10-01,43.25,43.33,42.62,43.19,950026
2015-10-02,42.88,43.99,42.8,43.99,970405
2015-10-05,44.36,44.8,44.29,44.72,875267
2015-10-06,44.56,44.71,43.98,44.13,888710
2015-10-07,44.32,45.1,44.06,45.01,1171945
2015-10-08,45.04,46.04,45.0,45.99,1196877
2015-10-09,45.94,46.98,45.92,46.77,1078444
2015-10-12,46.64,46.87,46.34,46.74,1024772
2015-10-13,46.72,47.01,46.09,46.11,1435274
2015-10-14,45.67,46.09,44.2,45.18,1057873
2015-10-15,45.18,45.94,45.06,45.64,1053057
2015-10-16,45.88,46.42,45.59,45.93,1098122
2015-10-19,45.7,46.2,45.46,46.06,944774
2015-10-20,46.0,46.37,46.0,46.15,621136
2015-10-21,46.24,46.58,45.81,46.21,699207
2015-10-22,46.43,46.56,45.46,45.7,984841
2015-10-23,45.99,47.08,45.84,47.01,1138477
2015-10-26,46.99,47.31,46.78,47.02,754632
2015-10-27,46.68,47.26,46.15,46.66,1233912
2015-10-28,46.86,46.94,46.35,46.87,1187270
2015-10-29,46.97,47.63,46.75,47.53,722019
2015-10-30,47.63,47.93,47.33,47.4,817139
2015-11-02,47.4,48.1,47.22,48.01,612323
2015-11-03,48.04,48.15,47.53,47.94,516192
2015-11-04,47.9,48.28,47.76,48.09,661527
2015-11-05,48.08,48.45,47.82,48.12,583124
2015-11-06,47.92,48.33,47.76,48.19,597699
2015-11-09,48.08,48.24,47.59,47.92,358552
2015-11-10,47.93,48.35,47.65,48.07,396063
2015-11-11,48.48,48.48,48.0,48.06,673073
2015-11-12,47.77,47.96,47.03,47.05,426906
2015-11-13,47.13,47.24,46.61,46.77,904032
2015-11-16,46.77,47.54,46.77,47.5,481884
2015-11-17,47.53,48.06,47.43,47.84,409721
2015-11-18,47.88,48.81,47.81,48.75,747099
2015-11-19,48.49,48.86,48.14,48.28,783124
2015-11-20,48.39,48.72,48.26,48.49,869866
2015-11-23,48.5,48.87,47.81,48.63,1099336
2015-11-24,46.02,47.09,44.97,45.71,2022717
2015-11-25,45.16,45.72,44.47,45.6,881814
2015-11-27,45.71,45.73,45.21,45.59,446594
2015-11-30,45.59,46.0,45.42,45.57,948341
2015-12-01,45.56,45.9,45.36,45.77,695319
2015-12-02,45.42,45.86,45.37,45.47,566816
2015-12-03,45.58,45.66,44.21,44.35,990804
2015-12-04,44.39,44.99,44.21,44.96,1040848
2015-12-07,45.09,45.19,44.66,45.13,538537
2015-12-08,44.89,44.89,44.3,44.48,854563
2015-12-09,44.41,44.6,43.92,44.06,756686
2015-12-10,44.1,44.37,43.97,44.2,924664
2015-12-11,43.69,44.15,43.52,43.76,717634
2015-12-14,43.75,43.84,43.23,43.56,1090884
2015-12-15,43.95,44.04,43.34,43.62,1091811
2015-12-16,43.82,44.63,43.74,44.56,1005103
2015-12-17,44.67,44.67,44.38,44.4,813584
2015-12-18,44.09,44.37,43.88,44.05,1519845
2015-12-21,44.35,44.69,43.64,44.32,537699
2015-12-22,44.57,44.77,44.04,44.68,489710
2015-12-23,44.83,45.16,44.73,44.9,544428
2015-12-24,44.82,45.23,44.76,45.07,171031
2015-12-28,44.84,45.28,44.68,45.22,389730
2015-12-29,45.52,45.66,45.21,45.53,416784
2015-12-30,45.51,45.82,45.35,45.45,562281
2015-12-31,45.19,45.66,45.09,45.21,577671
2016-01-04,44.39,44.39,43.25,43.59,1125439
2016-01-05,43.62,44.36,43.62,44.17,614304
2016-01-06,44.71,44.99,43.68,44.16,1094291
2016-01-07,43.64,43.84,43.32,43.46,758581
2016-01-08,43.58,44.08,42.29,42.39,837029
2016-01-11,42.51,42.95,41.1,41.49,1023485
2016-01-12,41.74,42.14,41.42,41.71,920892
2016-01-13,41.8,41.83,40.2,40.21,1268028
2016-01-14,40.48,40.59,39.9,40.48,1531248
2016-01-15,39.53,40.32,39.35,40.24,1182561
2016-01-19,40.73,40.73,39.38,39.85,1172381
2016-01-20,39.45,39.89,38.51,39.56,1043112
2016-01-21,39.72,40.03,39.02,39.39,864140
2016-01-22,39.71,40.42,39.41,40.36,1279838
2016-01-25,40.31,40.78,40.0,40.25,1147462
2016-01-26,40.2,41.42,40.2,41.36,1510114
2016-01-27,41.37,42.78,40.46,40.7,745950
2016-01-28,41.74,41.76,40.86,41.18,1240124
2016-01-29,41.35,42.46,40.85,42.46,1109298
2016-02-01,42.27,43.29,42.09,43.06,991137
2016-02-02,42.71,42.97,42.28,42.79,1507111
2016-02-03,42.93,43.23,42.28,43.08,1116873
2016-02-04,43.07,43.58,42.34,43.24,804030
2016-02-05,43.15,43.49,42.34,42.62,942420
2016-02-08,42.39,42.51,40.2,40.88,1308162
2016-02-09,40.34,41.54,40.18,41.28,898513
2016-02-10,41.46,43.03,40.94,42.22,1095585
2016-02-11,41.67,42.27,41.12,41.46,1059308
2016-02-12,42.01,42.55,41.62,42.48,843043
2016-02-16,42.64,43.6,42.32,43.57,1115379
2016-02-17,43.59,44.38,43.3,44.24,990739
2016-02-18,44.42,44.72,44.04,44.46,1002852
2016-02-19,44.36,44.62,43.74,44.47,814925
2016-02-22,45.63,46.11,45.05,45.36,818900
2016-02-23,45.05,45.32,44.46,44.91,684846
2016-02-24,44.48,45.31,44.06,44.95,1045889
2016-02-25,43.79,45.51,43.5,45.09,2234218
2016-02-26,45.33,45.79,44.26,44.47,1013292
2016-02-29,44.39,44.47,43.44,43.44,1257640
2016-03-01,43.53,44.03,43.14,44.0,1271892
2016-03-02,43.94,43.99,43.44,43.78,502062
2016-03-03,43.62,44.7,43.59,44.59,607004
2016-03-04,44.53,44.84,44.16,44.66,544489
2016-03-07,44.6,44.99,44.37,44.69,581584
2016-03-08,44.42,44.58,43.95,44.09,469812
2016-03-09,44.22,44.38,43.67,43.87,754690
2016-03-10,44.13,44.31,43.03,43.48,789317
2016-03-11,43.87,44.4,43.54,44.34,963678
2016-03-14,44.43,44.43,44.06,44.09,776416
2016-03-15,43.95,44.34,43.61,44.2,909136
2016-03-16,44.36,45.06,44.18,44.87,938670
2016-03-17,44.95,45.21,44.17,45.21,1084275
2016-03-18,45.22,45.74,45.04,45.25,1076279
2016-03-21,45.05,45.44,44.77,45.41,724276
2016-03-22,45.24,45.88,45.04,45.79,688653
2016-03-23,45.69,46.27,45.5,45.9,756835
2016-03-24,45.64,45.64,44.14,44.66,1184114
2016-03-28,44.75,44.99,44.5,44.81,640330
2016-03-29,44.85,45.97,44.73,45.93,492486
2016-03-30,46.07,46.48,45.91,46.31,500845
2016-03-31,46.29,46.61,46.16,46.53,639650
2016-04-01,46.41,46.6,45.8,46.35,778975
2016-04-04,46.47,46.64,46.28,46.43,417868
2016-04-05,46.05,46.2,44.97,45.1,1061830
2016-04-06,45.01,45.87,45.01,45.85,506883
2016-04-07,45.61,45.74,44.73,44.9,794404
2016-04-08,45.04,45.17,44.77,44.94,423016
2016-04-11,45.0,45.2,44.57,44.8,610575
2016-04-12,44.9,44.99,44.33,44.43,960548
2016-04-13,44.53,44.65,44.24,44.62,715092
2016-04-14,44.58,44.9,44.26,44.52,641036
2016-04-15,44.59,44.77,44.47,44.76,471980
2016-04-18,44.71,44.94,44.56,44.89,682833
2016-04-19,44.97,45.41,44.92,45.22,479957
2016-04-20,45.19,45.53,44.8,45.08,486682
2016-04-21,45.02,45.17,44.7,44.79,694748
2016-04-22,44.75,45.1,44.55,44.93,585037
2016-04-25,44.85,44.95,44.56,44.95,553446
2016-04-26,45.01,45.28,44.47,44.58,895080
2016-04-27,44.48,44.78,44.02,44.23,1489688
2016-04-28,43.98,44.23,43.29,43.56,1661827
2016-04-29,43.21,43.36,42.84,43.35,1124107
2016-05-02,43.4,43.87,43.4,43.61,800285
2016-05-03,43.39,43.66,43.04,43.35,1223104
2016-05-04,43.07,43.52,42.69,42.87,590342
2016-05-05,42.9,43.36,42.72,43.03,648306
2016-05-06,42.87,43.23,42.73,42.98,804124
2016-05-09,42.85,43.61,42.72,43.54,627712
2016-05-10,43.78,44.37,43.63,44.05,503457
2016-05-11,44.05,44.22,43.62,43.72,512472
2016-05-12,43.9,44.46,43.68,44.39,1190979
2016-05-13,44.43,45.25,44.08,44.61,1315542
2016-05-16,44.61,45.68,44.1,45.6,1129570
2016-05-17,45.32,45.66,44.62,44.89,970173
2016-05-18,44.87,45.37,44.56,45.18,867984
2016-05-19,44.89,45.14,44.64,45.03,706498
2016-05-20,45.23,45.85,45.12,45.79,3427856
2016-05-23,45.69,45.94,45.01,45.04,1190280
2016-05-24,45.08,46.03,45.01,45.98,1121379
2016-05-25,46.09,46.36,45.5,45.52,1477224
2016-05-26,45.6,48.77,45.4,48.19,3584783
2016-05-27,47.74,49.06,47.74,48.91,2077001
2016-05-31,48.86,49.08,48.54,48.81,1078274
2016-06-01,48.74,49.03,48.52,48.88,1029600
2016-06-02,48.92,49.3,48.78,49.3,856105
2016-06-03,49.11,49.38,48.88,49.1,756483
2016-06-06,49.17,49.44,49.05,49.19,680235
2016-06-07,49.1,49.37,49.1,49.21,731817
2016-06-08,49.12,50.0,49.02,49.98,1265475
2016-06-09,49.85,50.4,49.36,50.32,1116551
2016-06-10,50.05,50.13,49.54,49.6,952953
2016-06-13,49.59,50.1,49.08,49.13,678568
2016-06-14,48.72,48.81,48.06,48.41,1335586
2016-06-15,48.74,49.2,47.94,48.21,1375509
2016-06-16,47.89,48.0,47.18,47.68,1429219
2016-06-17,47.55,47.76,46.86,47.29,1282079
2016-06-20,47.79,48.46,47.51,48.06,932225
2016-06-21,48.19,48.31,47.83,47.91,857057
2016-06-22,47.96,48.24,47.63,47.9,789809
2016-06-23,48.07,48.48,47.83,48.46,752363
2016-06-24,46.76,47.21,46.34,46.35,1905592
2016-06-27,46.27,46.4,45.35,45.67,1172651
2016-06-28,46.02,46.57,45.72,46.44,993025
2016-06-29,46.79,47.7,46.79,47.59,779870
2016-06-30,47.66,47.99,47.3,47.89,1315602
2016-07-01,48.07,48.86,47.85,48.47,964406
2016-07-05,48.37,48.53,48.1,48.34,968101
2016-07-06,48.3,49.16,47.51,49.06,1391136
2016-07-07,49.14,49.46,48.87,49.09,1031465
2016-07-08,49.39,49.85,49.19,49.83,696302
2016-07-11,49.93,50.05,49.31,49.59,484977
2016-07-12,49.8,49.91,49.34,49.38,856694
2016-07-13,49.37,49.41,48.91,49.36,865891
2016-07-14,49.57,49.86,49.41,49.47,859723
2016-07-15,49.55,49.64,49.17,49.22,1123661
2016-07-18,49.56,49.85,49.35,49.6,659368
2016-07-19,49.45,49.58,49.1,49.52,684652
2016-07-20,49.59,49.8,49.48,49.6,586235
2016-07-21,49.46,49.77,49.17,49.33,693197
2016-07-22,49.42,49.82,49.3,49.51,444712
2016-07-25,49.56,49.56,48.97,49.4,564415
2016-07-26,49.25,49.54,49.03,49.34,474130
2016-07-27,49.41,49.41,48.55,48.85,405861
2016-07-28,48.81,49.25,48.58,48.92,290978
2016-07-29,48.83,49.43,48.76,49.36,500673
2016-08-01,49.28,49.69,49.11,49.19,662010
2016-08-02,49.12,49.22,48.66,48.89,551776
2016-08-03,48.74,49.23,48.65,49.18,633533
2016-08-04,48.88,48.98,46.83,47.36,1847860
2016-08-05,47.59,48.1,47.25,48.09,1252621
2016-08-08,47.1,47.45,45.6,46.32,2378951
2016-08-09,46.23,46.83,45.75,45.98,1760800
2016-08-10,45.99,46.31,45.76,46.06,800183
2016-08-11,46.33,46.73,46.0,46.41,596139
2016-08-12,46.51,46.95,45.88,45.97,645012
2016-08-15,45.91,46.18,45.72,45.91,829787
2016-08-16,45.87,46.1,45.62,45.96,617453
2016-08-17,45.94,46.12,44.94,45.03,1291406
2016-08-18,45.0,45.8,45.0,45.54,1118420
2016-08-19,45.43,46.58,45.16,46.57,1317945
2016-08-22,46.41,46.96,46.25,46.92,1348791
2016-08-23,47.15,47.59,46.75,46.75,1430572
2016-08-24,46.61,46.74,45.47,45.74,2171668
2016-08-25,44.98,46.21,44.55,45.99,2438297
2016-08-26,45.99,46.31,45.35,46.19,1626078
2016-08-29,46.22,46.88,46.16,46.35,1231447
2016-08-30,46.38,46.6,45.8,46.21,1025129
2016-08-31,45.99,47.34,45.72,46.0,903671
2016-09-01,46.14,46.19,45.89,46.03,750089
2016-09-02,46.18,47.2,46.18,46.89,616482
2016-09-06,47.09,47.17,46.72,47.0,647634
2016-09-07,46.93,47.34,46.8,47.18,840897
2016-09-08,47.0,47.2,46.64,46.66,924126
2016-09-09,46.35,46.62,45.0,45.02,1864742
2016-09-12,44.96,45.96,44.86,45.78,1360153
2016-09-13,45.53,45.69,45.06,45.29,1465807
2016-09-14,44.04,45.67,44.04,45.33,1228271
2016-09-15,45.37,46.13,45.31,46.03,663191
2016-09-16,46.0,46.32,45.58,46.14,1516479
2016-09-19,46.08,46.41,45.6,46.05,717045
2016-09-20,46.41,46.6,45.98,46.23,595622
2016-09-21,46.29,46.87,46.2,46.8,614453
2016-09-22,47.0,47.39,46.91,47.18,548972
2016-09-23,46.92,47.34,46.55,46.68,728200
2016-09-26,46.42,46.48,45.66,45.9,838686
2016-09-27,46.0,46.12,45.7,45.9,996832
2016-09-28,45.78,46.2,45.66,46.18,1000901
2016-09-29,46.14,46.26,45.28,45.46,602553
2016-09-30,45.77,46.13,45.58,45.94,675061
2016-10-03,45.56,45.8,45.18,45.32,764096
2016-10-04,45.25,45.56,44.37,44.74,901313
2016-10-05,44.74,45.34,44.56,45.11,1155973
2016-10-06,44.87,45.37,44.6,45.36,735543
2016-10-07,45.51,45.59,45.05,45.34,836811
2016-10-10,45.59,46.16,45.2,45.92,508593
2016-10-11,45.67,46.36,45.16,45.5,884438
2016-10-12,45.43,45.56,45.02,45.5,842089
2016-10-13,45.27,45.48,45.11,45.3,1145569
2016-10-14,45.42,45.43,44.41,44.41,939464
2016-10-17,44.4,44.52,44.07,44.09,544291
2016-10-18,44.57,44.84,44.15,44.58,608170
2016-10-19,44.66,44.79,44.35,44.39,574001
2016-10-20,44.21,44.33,43.77,44.05,1017963
2016-10-21,43.81,44.11,43.41,43.91,732370
2016-10-24,44.12,44.36,43.76,43.8,595572
2016-10-25,43.78,44.48,43.38,44.44,1439170
2016-10-26,44.35,44.51,42.84,42.97,1383093
2016-10-27,43.06,43.18,42.38,42.63,1274517
2016-10-28,42.44,43.06,42.08,42.76,1091694
2016-10-31,42.56,43.01,42.12,42.71,1048657
2016-11-01,43.0,44.98,42.75,43.94,2973098
2016-11-02,44.01,45.82,43.76,45.34,2103523
2016-11-03,45.52,46.17,45.28,45.38,1839398
2016-11-04,45.38,46.07,45.26,45.76,1009677
2016-11-07,46.46,46.8,46.22,46.67,795220
2016-11-08,46.57,46.83,46.16,46.67,822539
2016-11-09,46.89,47.14,46.0,47.01,874435
2016-11-10,47.47,47.92,46.86,47.48,1510176
2016-11-11,47.33,47.88,46.9,47.66,823436
2016-11-14,47.77,47.99,47.23,47.88,838594
2016-11-15,48.0,48.23,47.63,48.07,1034890
2016-11-16,48.05,48.66,47.91,48.36,939717
2016-11-17,48.27,48.68,48.14,48.23,820627
2016-11-18,47.75,47.92,46.23,46.49,2349938
2016-11-21,46.52,49.26,46.47,47.51,4286950
2016-11-22,39.21,40.52,36.46,39.56,14685248
2016-11-23,39.61,40.15,38.15,39.26,7456609
2016-11-25,39.25,39.33,38.5,39.05,1927006
2016-11-28,38.87,39.05,38.24,38.8,2736265
2016-11-29,38.69,38.92,38.62,38.87,2411362
2016-11-30,38.54,39.27,38.51,38.74,4448787
2016-12-01,38.71,39.19,38.69,39.04,2179612
2016-12-02,39.04,39.43,38.93,39.2,1708161
2016-12-05,39.48,39.66,39.21,39.61,1551302
2016-12-06,39.8,40.42,39.76,40.37,2573076
2016-12-07,40.36,40.36,39.83,39.93,1783105
2016-12-08,39.9,40.02,39.78,39.83,1988653
2016-12-09,39.98,40.42,39.87,40.4,1976192
2016-12-12,40.39,41.23,40.23,40.58,1431904
2016-12-13,40.66,40.86,40.5,40.77,1022621
2016-12-14,40.69,40.81,39.91,40.14,1711641
2016-12-15,40.27,40.58,39.95,40.39,901196
2016-12-16,40.43,41.0,40.3,40.95,5379489
2016-12-19,40.93,41.25,40.18,40.3,1020651
2016-12-20,40.41,40.61,40.21,40.28,1022169
2016-12-21,40.38,40.64,40.3,40.6,1132015
2016-12-22,40.49,40.98,40.49,40.83,937367
2016-12-23,40.86,41.17,40.69,40.85,731654
2016-12-27,40.78,41.17,40.78,40.92,1126916
2016-12-28,41.07,41.29,40.88,40.93,772885
2016-12-29,40.88,41.44,40.8,41.14,1337790
2016-12-30,41.26,41.46,40.92,41.03,932472
2017-01-03,41.71,42.71,41.51,42.55,1792428
2017-01-04,42.59,43.11,42.55,42.95,1172493
2017-01-05,42.92,42.93,42.23,42.42,930978
2017-01-06,42.51,42.62,42.08,42.43,862741
2017-01-09,42.43,42.83,42.32,42.54,900145
2017-01-10,42.5,42.65,41.66,41.79,2210152
2017-01-11,41.35,41.79,40.1,40.47,2461758
2017-01-12,40.42,40.42,39.91,40.31,1389542
2017-01-13,40.23,41.43,40.23,41.28,1250630
2017-01-17,41.2,41.56,40.6,41.03,920511
2017-01-18,41.2,41.61,40.75,41.21,878942
2017-01-19,41.26,41.26,40.4,40.69,1157249
2017-01-20,40.73,40.93,40.55,40.84,970123
2017-01-23,41.34,41.45,40.85,41.15,1033606
2017-01-24,41.14,41.34,40.76,41.17,1376464
2017-01-25,41.43,41.88,41.22,41.77,1978996
2017-01-26,41.77,42.0,41.53,41.77,768712
2017-01-27,41.62,41.82,41.38,41.5,1133288
2017-01-30,41.21,41.4,40.68,41.0,1258322
2017-01-31,41.2,41.62,40.91,41.61,1306112
2017-02-01,41.81,42.12,41.48,41.92,880446
2017-02-02,41.73,42.03,41.57,41.85,614347
2017-02-03,42.1,42.3,41.58,42.13,1171677
2017-02-06,42.22,42.27,41.95,42.11,869915
2017-02-07,42.1,42.49,41.97,42.11,802800
2017-02-08,42.0,42.27,41.93,42.17,606195
2017-02-09,42.26,42.91,42.15,42.72,683109
2017-02-10,42.69,43.08,42.6,42.83,571715
2017-02-13,43.0,43.19,42.8,43.15,443865
2017-02-14,43.08,43.6,42.94,43.49,912506
2017-02-15,43.25,43.57,42.68,43.5,1358375
2017-02-16,43.5,43.86,43.4,43.79,803720
2017-02-17,43.76,44.18,43.54,44.08,1516024
2017-02-21,44.07,44.93,44.0,44.81,1421570
2017-02-22,44.77,45.22,44.47,44.6,1604581
2017-02-23,44.73,45.25,43.16,44.6,2751885
2017-02-24,44.49,45.24,44.28,45.22,889288
2017-02-27,45.25,45.68,45.14,45.32,831712
2017-02-28,45.18,45.64,45.18,45.45,1274435
2017-03-01,45.63,46.02,45.4,45.89,919920
2017-03-02,45.7,45.85,45.45,45.67,890931
2017-03-03,45.48,45.54,44.84,45.0,1555827
2017-03-06,44.85,44.85,43.72,43.82,2161929
2017-03-07,43.83,44.22,43.59,44.15,939566
2017-03-08,44.26,44.96,44.13,44.37,958854
2017-03-09,44.48,44.59,44.2,44.41,768318
2017-03-10,44.59,44.97,44.37,44.57,556993
2017-03-13,44.63,45.34,44.49,45.25,959964
2017-03-14,45.16,45.31,44.6,45.18,624322
2017-03-15,45.24,46.12,45.24,45.8,888429
2017-03-16,45.92,46.05,45.43,45.54,702310
2017-03-17,45.54,45.76,45.38,45.48,1129897
2017-03-20,45.51,45.74,45.31,45.54,486278
2017-03-21,45.66,45.92,44.64,44.79,755459
2017-03-22,44.86,44.86,43.92,44.33,1565963
2017-03-23,44.29,44.66,44.13,44.21,717844
2017-03-24,44.27,44.75,44.27,44.48,527024
2017-03-27,44.29,44.74,44.29,44.7,696730
2017-03-28,44.7,45.17,44.58,45.02,650627
2017-03-29,44.9,45.1,44.78,45.08,597873
2017-03-30,45.07,45.43,45.07,45.27,420188
2017-03-31,45.07,45.57,45.07,45.23,694732
2017-04-03,45.25,45.72,45.0,45.16,791678
2017-04-04,45.09,45.19,44.78,44.96,533525
2017-04-05,44.96,45.16,44.18,44.22,1170552
2017-04-06,44.3,44.74,44.1,44.68,824638
2017-04-07,44.6,44.93,44.4,44.51,447196
2017-04-10,44.37,44.67,44.22,44.44,663594
2017-04-11,44.27,44.51,44.13,44.3,782729
2017-04-12,44.16,44.19,43.63,43.9,806472
2017-04-13,43.83,43.83,43.5,43.55,543799
2017-04-17,43.68,43.96,43.55,43.88,694877
2017-04-18,43.62,43.72,43.1,43.7,409544
2017-04-19,43.88,44.15,43.69,43.82,486113
2017-04-20,43.87,44.4,43.63,44.27,559189
2017-04-21,44.18,44.28,43.4,43.52,839472
2017-04-24,43.77,43.89,43.51,43.75,687986
2017-04-25,43.8,44.5,43.63,44.23,738046
2017-04-26,44.4,44.9,44.26,44.58,396495
2017-04-27,44.64,45.1,44.5,44.73,533761
2017-04-28,45.02,45.02,44.38,44.49,829803
2017-05-01,44.66,44.66,44.19,44.41,504861
2017-05-02,44.44,44.56,44.1,44.55,529731
2017-05-03,44.54,44.7,44.38,44.56,452864
2017-05-04,44.68,45.36,44.58,45.25,554987
2017-05-05,45.28,45.58,44.94,45.37,678117
2017-05-08,45.25,45.37,44.54,44.59,720714
2017-05-09,44.69,45.18,43.96,44.18,1261142
2017-05-10,44.04,44.05,43.2,43.39,1711806
2017-05-11,43.2,43.4,42.88,43.31,1322038
2017-05-12,43.13,43.54,42.99,43.44,559487
2017-05-15,43.46,43.72,43.39,43.59,529833
2017-05-16,43.38,43.47,42.82,43.26,1029286
2017-05-17,42.98,43.37,42.7,42.83,859587
2017-05-18,42.8,43.34,42.49,42.51,832892
2017-05-19,42.58,43.02,42.24,42.79,1401160
2017-05-22,42.96,43.73,42.54,43.49,1902594
2017-05-23,43.53,44.05,43.22,43.56,1071174
2017-05-24,43.5,43.7,42.94,43.07,1205633
2017-05-25,41.76,45.61,41.75,44.75,2535043
2017-05-26,44.8,45.03,43.91,43.94,1152079
2017-05-30,43.83,44.15,43.63,43.92,1245608
2017-05-31,43.98,44.64,43.79,44.16,2534671
2017-06-01,45.0,47.47,44.58,47.13,3869947
2017-06-02,46.91,47.26,46.77,46.99,1721884
2017-06-05,46.77,46.97,46.29,46.43,953355
2017-06-06,46.28,46.45,46.0,46.1,1712770
2017-06-07,46.28,46.66,45.8,46.06,896156
2017-06-08,46.07,46.32,45.93,46.13,933468
2017-06-09,46.16,46.45,45.99,46.13,822992
2017-06-12,45.99,46.5,45.86,46.29,1159524
2017-06-13,46.38,46.69,46.12,46.69,658945
2017-06-14,46.55,46.91,46.55,46.73,648761
2017-06-15,46.56,46.88,46.51,46.83,487670
2017-06-16,46.97,47.02,45.51,46.88,1044835
2017-06-19,46.96,47.28,46.68,47.23,800181
2017-06-20,47.22,47.92,47.19,47.6,1260316
2017-06-21,47.59,47.91,47.41,47.72,1205562
2017-06-22,47.78,48.18,47.65,47.93,945092
2017-06-23,47.84,48.06,47.59,47.84,2740470
2017-06-26,47.97,47.98,47.24,47.81,529976
2017-06-27,47.78,48.2,47.59,47.61,453496
2017-06-28,47.86,48.3,47.73,47.77,695953
2017-06-29,47.8,48.14,47.19,47.59,415359
2017-06-30,47.73,48.07,46.82,46.95,1102220
2017-07-03,47.14,47.77,47.14,47.51,421956
2017-07-05,47.49,47.77,47.11,47.43,753772
2017-07-06,45.03,45.79,44.06,44.15,2707889
2017-07-07,44.24,44.47,43.97,44.4,974777
2017-07-10,44.42,44.47,43.49,44.0,1320637
2017-07-11,42.4,44.09,42.4,43.36,1823176
2017-07-12,43.37,43.68,42.91,43.2,1085744
2017-07-13,43.5,43.5,43.08,43.13,1218680
2017-07-14,43.21,43.54,43.18,43.4,1093324
2017-07-17,43.42,43.5,43.04,43.1,945588
2017-07-18,43.05,43.48,42.75,42.97,1057499
2017-07-19,43.05,43.12,42.51,43.02,714628
2017-07-20,43.05,43.17,42.86,42.94,505909
2017-07-21,42.84,43.11,42.41,42.89,702071
2017-07-24,43.0,43.2,42.72,43.0,692915
2017-07-25,42.9,43.11,42.71,43.0,963428
2017-07-26,42.98,43.1,42.43,42.89,1481681
2017-07-27,42.78,42.78,42.19,42.37,996478
2017-07-28,42.37,42.54,41.96,42.19,1134987
2017-07-31,41.64,42.38,41.64,41.72,890439
2017-08-01,42.25,42.25,40.7,40.75,1601473
2017-08-02,40.73,40.82,39.7,40.04,1550976
2017-08-03,39.91,40.13,39.46,39.67,1465937
2017-08-04,40.11,40.18,38.75,39.23,1086763
2017-08-07,39.17,39.4,38.94,39.23,1016807
2017-08-08,39.12,39.2,38.44,38.72,1606529
2017-08-09,38.58,38.69,38.02,38.13,1241831
2017-08-10,38.04,38.04,37.0,37.47,1434476
2017-08-11,37.49,38.25,37.44,37.98,952350
2017-08-14,38.26,38.51,37.84,37.9,835251
2017-08-15,37.71,37.71,36.59,36.75,1722415
2017-08-16,36.77,37.35,36.58,37.29,1733063
2017-08-17,37.22,37.77,36.75,36.76,1054819
2017-08-18,36.75,36.76,36.43,36.45,1050528
2017-08-21,36.42,36.73,36.12,36.36,1870205
2017-08-22,36.47,37.16,36.39,37.0,1680601
2017-08-23,36.8,36.8,35.93,36.27,2565098
2017-08-24,38.5,39.21,36.52,36.84,4079798
2017-08-25,37.43,37.88,36.93,37.75,2391649
2017-08-28,37.73,38.24,37.58,37.65,1430074
2017-08-29,37.47,37.95,37.47,37.91,1421821
2017-08-30,37.88,38.38,37.82,38.29,1546363
2017-08-31,38.44,38.62,38.1,38.5,1486995
2017-09-01,38.53,38.74,37.68,37.88,1107062
2017-09-05,37.7,37.94,37.5,37.7,842205
2017-09-06,37.93,38.94,37.87,38.89,1630341
2017-09-07,38.93,40.16,38.88,39.77,2109970
2017-09-08,39.7,39.89,39.32,39.37,941929
2017-09-11,39.59,40.4,39.57,40.24,1469434
2017-09-12,40.26,40.78,40.05,40.65,1101321
2017-09-13,40.64,40.9,39.3,39.44,1816998
2017-09-14,39.45,39.5,37.95,38.23,2312427
2017-09-15,38.22,38.94,38.15,38.53,2360566
2017-09-18,38.55,38.55,37.8,37.94,1390876
2017-09-19,37.95,37.95,37.05,37.18,1503029
2017-09-20,37.3,37.85,37.09,37.82,941519
2017-09-21,37.8,38.11,37.08,37.12,1040509
2017-09-22,37.17,37.55,37.06,37.4,799695
2017-09-25,37.41,38.18,37.38,37.99,990903
2017-09-26,38.13,38.9,38.12,38.7,1475425
2017-09-27,38.81,39.4,38.53,39.11,1085588
2017-09-28,39.04,39.32,38.53,38.7,707296
2017-09-29,38.81,38.93,38.59,38.65,1033179
2017-10-02,38.75,38.75,37.94,38.59,1283413
2017-10-03,38.66,38.84,38.29,38.69,664636
2017-10-04,38.54,38.74,38.46,38.5,1267459
2017-10-05,38.51,38.78,38.21,38.5,838474
2017-10-06,38.41,38.49,37.7,37.87,1499310
2017-10-09,37.82,38.06,37.45,37.64,1345731
2017-10-10,37.54,37.58,36.75,36.9,1212207
2017-10-11,36.73,37.1,36.56,36.95,1438229
2017-10-12,36.73,37.43,36.4,37.23,988990
2017-10-13,37.14,37.5,37.04,37.41,783840
2017-10-16,37.3,37.9,37.3,37.78,1043818
2017-10-17,37.79,38.21,37.75,37.89,997197
2017-10-18,38.04,38.27,37.84,38.13,1046194
2017-10-19,38.11,38.85,38.11,38.8,1069132
2017-10-20,38.99,39.41,38.81,39.37,1188233
2017-10-23,39.49,39.49,39.07,39.21,873152
2017-10-24,39.35,39.87,39.34,39.86,1343825
2017-10-25,39.68,39.98,39.37,39.75,1249065
2017-10-26,39.72,40.36,39.03,39.5,2308630
2017-10-27,39.42,39.59,36.33,36.72,5353681
2017-10-30,36.9,37.11,36.22,36.35,1586727
2017-10-31,36.3,37.17,36.29,37.0,1147344
2017-11-01,36.99,37.08,35.98,36.12,1268259
2017-11-02,36.1,36.24,35.69,35.97,1049518
2017-11-03,35.98,36.52,35.77,36.15,2109735
2017-11-06,35.57,35.71,34.17,34.99,2704504
2017-11-07,35.19,35.36,34.76,34.92,1228343
2017-11-08,34.83,35.25,33.96,34.07,1860139
2017-11-09,34.03,34.04,33.18,34.03,2164045
2017-11-10,34.03,34.12,33.2,33.38,1636827
2017-11-13,33.32,33.99,33.19,33.57,2534448
2017-11-14,33.42,33.61,32.17,33.53,1724315
2017-11-15,33.52,35.06,33.33,34.45,1567732
2017-11-16,35.11,36.36,35.07,36.07,2778515
2017-11-17,35.86,36.32,35.62,36.04,2170158
2017-11-20,35.7,35.96,34.63,34.82,3154982
2017-11-21,33.3,34.95,32.07,34.8,6334941
2017-11-22,34.89,35.96,34.47,35.29,3535110
2017-11-24,35.4,35.46,34.54,35.27,1034118
2017-11-27,35.33,36.46,35.02,36.06,1774046
2017-11-28,35.98,36.34,35.64,36.33,1907268
2017-11-29,36.3,37.18,36.13,36.95,3482036
2017-11-30,37.07,37.7,36.2,36.55,8090377
2017-12-01,36.3,36.43,34.89,35.41,2861915
2017-12-04,35.46,37.47,35.45,37.3,2551885
2017-12-05,37.39,37.47,36.15,36.32,1341133
2017-12-06,33.74,34.95,33.03,34.81,2821032
2017-12-07,34.7,35.39,34.64,35.21,1656043
2017-12-08,35.2,35.82,34.92,35.47,1614315
2017-12-11,35.47,35.65,35.23,35.51,1222395
2017-12-12,35.58,36.0,35.29,35.79,948363
2017-12-13,35.83,36.39,35.49,35.99,1073900
2017-12-14,35.85,35.97,35.07,35.12,2026153
2017-12-15,35.63,37.6,35.18,36.5,5636436
2017-12-18,36.72,37.11,36.08,36.71,2079000
2017-12-19,36.88,38.09,36.88,37.43,1955414
2017-12-20,37.43,37.8,36.38,36.51,2003189
2017-12-21,36.62,36.76,36.02,36.31,1197697
2017-12-22,36.3,36.43,36.12,36.25,714037
2017-12-26,36.26,36.97,36.23,36.24,565260
2017-12-27,36.33,36.65,36.15,36.38,552450
2017-12-28,36.39,36.43,36.06,36.42,745013
2017-12-29,36.41,36.78,36.12,36.13,723885
2018-01-02,36.55,38.01,36.44,37.88,1607605
2018-01-03,37.85,37.92,36.95,37.23,1300755
2018-01-04,37.46,37.56,37.27,37.47,1437617
2018-01-05,37.5,37.81,37.4,37.68,1241426
2018-01-08,37.71,37.97,37.38,37.78,1855050
2018-01-09,37.9,37.9,37.32,37.35,1505616
2018-01-10,37.32,37.32,36.36,36.58,1261398
2018-01-11,36.38,36.79,36.19,36.67,1653055
2018-01-12,36.91,37.6,36.8,37.51,1550978
2018-01-16,37.65,38.52,37.02,38.13,1840817
2018-01-17,38.32,38.32,36.65,36.85,1675398
2018-01-18,36.75,37.03,36.25,36.34,1195591
2018-01-19,36.48,36.7,36.2,36.6,1809630
2018-01-22,36.67,37.16,36.67,37.02,1271744
2018-01-23,37.14,37.14,36.75,36.88,586851
2018-01-24,37.01,37.61,36.85,37.21,807204
2018-01-25,37.29,37.54,37.13,37.37,935527
2018-01-26,37.67,37.74,37.23,37.57,962568
2018-01-29,37.49,38.2,37.38,37.76,983259
2018-01-30,37.37,37.57,36.67,36.74,934250
2018-01-31,36.83,36.83,35.69,35.89,1260959
2018-02-01,35.62,35.77,35.15,35.66,1193119
2018-02-02,35.49,36.04,35.2,35.22,1176925
2018-02-05,35.04,35.31,33.58,33.69,1153303
2018-02-06,33.07,34.43,32.74,34.33,1561371
2018-02-07,34.22,34.72,33.83,33.85,1163088
2018-02-08,33.78,33.98,32.87,32.88,1402811
2018-02-09,33.24,34.26,32.27,33.15,1652839
2018-02-12,33.36,34.19,32.49,32.92,1185421
2018-02-13,29.73,31.49,28.77,31.21,5558222
2018-02-14,31.01,31.73,31.01,31.66,1261982
2018-02-15,31.05,31.16,30.58,31.0,1688103
2018-02-16,30.86,32.37,30.86,31.75,1930072
2018-02-20,31.69,32.25,31.42,31.6,2189764
2018-02-21,31.74,32.73,31.65,32.04,946612
2018-02-22,32.04,32.43,31.77,31.86,982543
2018-02-23,31.92,32.32,31.5,32.26,903483
2018-02-26,32.18,32.36,31.73,32.35,1337508
2018-02-27,32.26,32.59,31.82,31.84,1203119
2018-02-28,31.99,32.3,31.53,31.58,1787951
2018-03-01,25.27,25.83,22.57,24.1,15341393
